# TF Coordinate Frame ID: openni_rgb_optical_frame(data: openni_rgb_optical_frame)
1305032353.993165 -0.028158 -0.114705 -0.260166 0.029900 0.114470 0.006435 0.992956
1305032354.057249 -0.023573 -0.126588 -0.254116 0.007247 0.108739 -0.006454 0.994023
1305032354.093194 -0.020569 -0.136588 -0.256491 -0.002003 0.106143 -0.006007 0.994331
1305032354.125261 -0.030645 -0.127335 -0.255997 -0.014209 0.108719 -0.009009 0.993930
1305032354.157308 -0.034076 -0.130175 -0.261812 -0.029686 0.112451 -0.006842 0.993190
1305032354.193245 -0.030551 -0.159917 -0.262649 -0.046936 0.113135 0.003190 0.992465
1305032354.225326 -0.038311 -0.158446 -0.262854 -0.059195 0.117226 0.003131 0.991335
1305032354.257317 -0.024249 -0.196941 -0.265614 -0.078397 0.116572 0.009582 0.990037
1305032354.293299 -0.016543 -0.258720 -0.264690 -0.093943 0.116759 0.010883 0.988647
1305032354.325326 -0.007678 -0.274879 -0.265451 -0.099065 0.114689 0.007554 0.988421
1305032354.357420 -0.009276 -0.292755 -0.263707 -0.105220 0.114213 0.002044 0.987866
1305032354.394078 -0.010203 -0.326082 -0.263836 -0.112454 0.114171 -0.002658 0.987072
1305032354.457427 -0.014352 -0.353579 -0.276508 -0.123503 0.112639 -0.012199 0.985855
1305032354.493265 -0.022237 -0.356516 -0.272966 -0.132126 0.113442 -0.016689 0.984579
1305032354.525430 -0.027073 -0.385997 -0.274621 -0.145488 0.117317 -0.013998 0.982280
1305032354.557471 -0.032228 -0.390204 -0.280458 -0.159304 0.122631 -0.009619 0.979536
1305032354.593446 -0.023641 -0.419047 -0.282880 -0.177619 0.124143 -0.000678 0.976238
1305032354.625455 -0.025993 -0.443758 -0.285298 -0.191085 0.127697 0.010400 0.973176
1305032354.657511 -0.021368 -0.442819 -0.279873 -0.200319 0.129319 0.017086 0.971008
1305032354.693491 -0.021740 -0.459792 -0.282914 -0.210210 0.128476 0.024077 0.968879
1305032354.725481 -0.016825 -0.464055 -0.281150 -0.219765 0.124053 0.026875 0.967260
1305032354.757506 -0.013713 -0.483597 -0.276994 -0.231768 0.118421 0.026578 0.965170
1305032354.793541 -0.012097 -0.495827 -0.268633 -0.238323 0.113325 0.022687 0.964285
1305032354.825638 -0.008641 -0.506023 -0.263619 -0.243072 0.107939 0.017845 0.963819
1305032354.857806 -0.004322 -0.523166 -0.271754 -0.249783 0.103264 0.013581 0.962684
1305032354.893584 -0.002006 -0.537537 -0.268993 -0.257506 0.098676 0.008796 0.961185
1305032354.925606 0.001143 -0.554885 -0.267617 -0.264606 0.090286 0.001934 0.960119
1305032354.957696 0.005382 -0.569811 -0.269524 -0.277704 0.084022 -0.003959 0.956977
1305032354.993644 0.009083 -0.580912 -0.267401 -0.282411 0.078571 -0.013745 0.955972
1305032355.025740 0.013268 -0.592215 -0.267519 -0.295251 0.071794 -0.021531 0.952475
1305032355.057739 0.016458 -0.606052 -0.259665 -0.309522 0.063965 -0.035341 0.948080
1305032355.093693 0.014488 -0.621357 -0.259033 -0.317449 0.054821 -0.047183 0.945513
1305032355.126036 0.024180 -0.644246 -0.253499 -0.325792 0.039834 -0.059039 0.942755
1305032355.157776 0.027080 -0.652871 -0.250246 -0.334883 0.024964 -0.067020 0.939542
1305032355.193731 0.022996 -0.661265 -0.243189 -0.347301 0.011986 -0.073163 0.934819
1305032355.226048 0.025581 -0.678820 -0.224037 -0.355466 -0.005101 -0.083739 0.930916
1305032355.258300 0.034012 -0.688549 -0.218056 -0.359661 -0.025242 -0.089211 0.928466
1305032355.293834 0.030237 -0.708506 -0.204513 -0.365332 -0.043567 -0.093204 0.925174
1305032355.325951 0.029087 -0.715802 -0.197603 -0.369296 -0.061501 -0.094618 0.922434
1305032355.357924 0.040164 -0.727458 -0.184775 -0.375050 -0.078524 -0.095771 0.918694
1305032355.393862 0.045363 -0.738959 -0.173630 -0.377319 -0.094944 -0.099304 0.915836
1305032355.426175 0.057027 -0.744059 -0.163620 -0.376786 -0.110497 -0.104569 0.913722
1305032355.458105 0.061453 -0.762862 -0.145004 -0.372785 -0.123955 -0.117876 0.912015
1305032355.493906 0.074461 -0.760205 -0.135450 -0.371584 -0.139873 -0.113450 0.910763
1305032355.526033 0.073730 -0.771506 -0.138857 -0.368097 -0.150956 -0.117311 0.909920
1305032355.558083 0.086046 -0.775326 -0.129517 -0.365305 -0.164848 -0.116323 0.908761
1305032355.593965 0.098367 -0.781098 -0.122935 -0.362644 -0.176048 -0.117738 0.907543
1305032355.626009 0.123131 -0.776320 -0.101714 -0.360757 -0.187757 -0.117081 0.906032
1305032355.658217 0.129946 -0.792869 -0.093185 -0.355602 -0.190973 -0.120517 0.906947
1305032355.693969 0.145384 -0.803834 -0.084173 -0.354502 -0.198772 -0.115760 0.906321
1305032355.726186 0.163233 -0.803103 -0.077489 -0.350133 -0.207691 -0.112393 0.906443
1305032355.758127 0.188373 -0.808011 -0.066830 -0.340811 -0.213619 -0.111086 0.908776
1305032355.794028 0.190140 -0.836358 -0.099709 -0.341766 -0.203522 -0.109873 0.910880
1305032355.826208 0.244747 -0.811922 -0.054364 -0.334581 -0.215919 -0.115878 0.909949
1305032355.858151 0.253391 -0.828918 -0.026759 -0.313435 -0.213482 -0.121792 0.917252
1305032355.894072 0.263316 -0.861849 -0.029708 -0.301730 -0.211081 -0.129885 0.920616
1305032355.926240 0.263823 -0.870443 -0.082715 -0.293731 -0.205644 -0.137966 0.923254
1305032355.960142 0.258505 -0.883940 -0.127068 -0.301896 -0.192701 -0.132346 0.924235
1305032355.994102 0.261235 -0.887755 -0.146544 -0.310971 -0.184916 -0.125875 0.923720
1305032356.026405 0.263579 -0.875731 -0.129285 -0.321685 -0.193664 -0.118191 0.919263
1305032356.058305 0.273638 -0.897929 -0.105036 -0.328826 -0.208045 -0.112707 0.914269
1305032356.094166 0.298609 -0.898408 -0.085196 -0.323551 -0.218180 -0.100620 0.915198
1305032356.126384 0.312978 -0.891390 -0.088691 -0.328634 -0.228361 -0.095260 0.911469
1305032356.158192 0.341145 -0.905505 -0.085629 -0.333366 -0.237085 -0.104298 0.906521
1305032356.194205 0.354541 -0.893114 -0.076726 -0.329538 -0.242229 -0.109392 0.905960
1305032356.226397 0.357686 -0.880388 -0.030746 -0.309280 -0.271317 -0.131537 0.901904
1305032356.258136 0.351094 -0.895668 -0.023282 -0.290936 -0.282756 -0.145372 0.902370
1305032356.294287 0.348472 -0.909499 -0.053529 -0.277518 -0.280715 -0.147837 0.906823
1305032356.326174 0.365472 -0.887185 -0.039719 -0.281620 -0.291624 -0.142399 0.902977
1305032356.358126 0.364880 -0.860952 -0.046500 -0.286262 -0.286380 -0.124214 0.905876
1305032356.394266 0.373954 -0.830829 -0.035540 -0.277460 -0.297910 -0.111997 0.906489
1305032356.426275 0.378777 -0.826800 -0.044664 -0.258542 -0.300172 -0.104189 0.912249
1305032356.458392 0.398817 -0.813818 -0.044560 -0.253650 -0.297549 -0.097702 0.915194
1305032356.494313 0.393687 -0.820992 -0.018369 -0.224804 -0.314998 -0.110417 0.915450
1305032356.526317 0.431177 -0.822125 -0.010415 -0.211075 -0.312366 -0.117262 0.918763
1305032356.562184 0.436067 -0.819917 0.005827 -0.188187 -0.315234 -0.136494 0.920099
1305032356.594216 0.450826 -0.828263 0.003855 -0.180701 -0.309199 -0.148450 0.921795
1305032356.626255 0.466240 -0.865607 0.023464 -0.181388 -0.308998 -0.163700 0.919141
1305032356.662128 0.458998 -0.798303 -0.001216 -0.159718 -0.301745 -0.156039 0.926872
1305032356.694251 0.474674 -0.768099 -0.000153 -0.153003 -0.297900 -0.154290 0.929537
1305032356.727811 0.483262 -0.781067 0.015274 -0.142248 -0.296681 -0.154793 0.931550
1305032356.762124 0.486357 -0.760351 0.008794 -0.129738 -0.291929 -0.146487 0.936209
1305032356.794439 0.495228 -0.768370 0.010887 -0.125372 -0.290516 -0.140387 0.938176
1305032356.826332 0.498554 -0.735303 0.010515 -0.115313 -0.289924 -0.135468 0.940370
1305032356.862093 0.515244 -0.703124 0.012259 -0.093323 -0.294860 -0.122021 0.943112
1305032356.894157 0.523782 -0.680882 0.018073 -0.087230 -0.297638 -0.111670 0.944104
1305032356.926430 0.541311 -0.656045 0.026046 -0.085421 -0.302059 -0.103935 0.943748
1305032356.962104 0.537791 -0.630295 0.022937 -0.083295 -0.304265 -0.090227 0.944640
1305032356.994344 0.554365 -0.619465 0.032756 -0.084964 -0.310581 -0.077152 0.943593
1305032357.026198 0.560242 -0.613512 0.028915 -0.085617 -0.312732 -0.069108 0.943447
1305032357.062032 0.570447 -0.583268 0.042412 -0.081367 -0.319836 -0.057780 0.942203
1305032357.094119 0.564392 -0.566644 0.039427 -0.075291 -0.326026 -0.048159 0.941127
1305032357.126181 0.565722 -0.558392 0.045364 -0.072594 -0.335748 -0.036122 0.938456
1305032357.162138 0.583957 -0.544092 0.050077 -0.064883 -0.341493 -0.033698 0.937036
1305032357.194135 0.587750 -0.523444 0.053020 -0.064825 -0.346046 -0.032782 0.935401
1305032357.226208 0.578498 -0.528879 0.051138 -0.062644 -0.350718 -0.023679 0.934083
1305032357.262119 0.603717 -0.490120 0.065077 -0.047934 -0.357494 -0.013210 0.932591
1305032357.294359 0.605327 -0.464839 0.057391 -0.038764 -0.353227 -0.004756 0.934722
1305032357.326423 0.626759 -0.436675 0.070095 -0.030933 -0.355884 0.002142 0.934015
1305032357.362141 0.627964 -0.407863 0.062390 -0.023096 -0.355693 0.013961 0.934213
1305032357.394180 0.631808 -0.383188 0.058177 -0.018954 -0.354258 0.017202 0.934797
1305032357.426241 0.637589 -0.364643 0.055797 -0.022567 -0.351197 0.022570 0.935757
1305032357.462161 0.639038 -0.336790 0.052186 -0.023479 -0.350469 0.029414 0.935818
1305032357.494175 0.651971 -0.299152 0.058098 -0.026705 -0.351145 0.038780 0.935137
1305032357.526138 0.651951 -0.310110 0.045711 -0.038881 -0.347688 0.048913 0.935526
1305032357.562096 0.658995 -0.293204 0.045213 -0.042907 -0.345225 0.053823 0.935992
1305032357.594163 0.661763 -0.272803 0.039823 -0.045060 -0.343624 0.056198 0.936341
1305032357.626377 0.663771 -0.251137 0.036195 -0.048208 -0.342782 0.059523 0.936287
1305032357.662521 0.670475 -0.260370 0.031061 -0.057161 -0.338946 0.055927 0.937401
1305032357.694376 0.667322 -0.262225 0.019170 -0.065129 -0.334177 0.058495 0.938436
1305032357.726393 0.671588 -0.233167 0.019988 -0.064803 -0.329680 0.052921 0.940378
1305032357.762121 0.686568 -0.229747 0.015134 -0.072010 -0.325621 0.053033 0.941261
1305032357.794161 0.692415 -0.225138 0.019173 -0.073532 -0.319510 0.049344 0.943436
1305032357.826324 0.700697 -0.208701 0.018143 -0.074340 -0.315533 0.045074 0.944924
1305032357.862505 0.707275 -0.196636 0.015289 -0.078267 -0.308084 0.040331 0.947276
1305032357.894124 0.703931 -0.203054 0.008833 -0.082003 -0.298583 0.036545 0.950152
1305032357.926354 0.707138 -0.215841 -0.000157 -0.081541 -0.288433 0.036159 0.953336
1305032357.962026 0.705394 -0.209158 -0.002791 -0.077820 -0.282007 0.038759 0.955465
1305032357.994307 0.690936 -0.186419 -0.012044 -0.070346 -0.279287 0.035725 0.956961
1305032358.026118 0.696024 -0.172876 -0.004396 -0.062367 -0.277031 0.044027 0.957823
1305032358.062141 0.686645 -0.181655 -0.007067 -0.053256 -0.274387 0.051467 0.958763
1305032358.094314 0.676977 -0.165125 -0.010450 -0.042594 -0.271040 0.048954 0.960378
1305032358.126463 0.662152 -0.172044 -0.002837 -0.028841 -0.269954 0.054070 0.960921
1305032358.162196 0.658370 -0.170757 -0.003879 -0.015920 -0.272256 0.053409 0.960609
1305032358.194216 0.650806 -0.156427 -0.002675 -0.003965 -0.274227 0.054911 0.960088
1305032358.226169 0.636273 -0.149033 0.010928 0.011029 -0.276988 0.055523 0.959205
1305032358.262242 0.619934 -0.147608 0.000400 0.022619 -0.279082 0.062007 0.957996
1305032358.294169 0.621406 -0.120840 0.014061 0.030108 -0.284825 0.066847 0.955772
1305032358.326228 0.597994 -0.129095 0.017858 0.039761 -0.287095 0.070027 0.954511
1305032358.362036 0.593257 -0.129518 0.018671 0.044177 -0.292092 0.076212 0.952325
1305032358.394045 0.589681 -0.077800 0.029365 0.050103 -0.300752 0.081910 0.948857
1305032358.425953 0.578188 -0.085870 0.036039 0.051642 -0.309354 0.080799 0.946100
1305032358.462021 0.579189 -0.089273 0.040837 0.055244 -0.317912 0.081220 0.943018
1305032358.494091 0.596459 -0.038564 0.058038 0.055412 -0.322569 0.083621 0.941215
1305032358.526638 0.586101 -0.032000 0.050315 0.048903 -0.321537 0.084045 0.941891
1305032358.562103 0.589259 -0.020454 0.059862 0.047373 -0.321158 0.084600 0.942049
1305032358.594031 0.590025 -0.034256 0.053958 0.040862 -0.318500 0.087562 0.942985
1305032358.626292 0.597945 -0.024038 0.059809 0.037994 -0.319159 0.083962 0.943210
1305032358.661907 0.596109 -0.029018 0.056093 0.035528 -0.318585 0.082143 0.943660
1305032358.694080 0.597279 -0.037028 0.056661 0.033999 -0.319164 0.082432 0.943495
1305032358.726315 0.594613 -0.038023 0.054261 0.032904 -0.318902 0.083410 0.943537
1305032358.762028 0.604941 -0.064219 0.055213 0.032750 -0.322437 0.082880 0.942387
1305032358.794035 0.606251 -0.074533 0.059079 0.036139 -0.326613 0.080709 0.941012
1305032358.826156 0.614750 -0.064434 0.064002 0.041766 -0.335608 0.077881 0.937847
1305032358.862241 0.616426 -0.093151 0.053235 0.040793 -0.342232 0.076120 0.935638
1305032358.894464 0.613612 -0.100285 0.058808 0.048437 -0.344686 0.070719 0.934796
1305032358.926427 0.621702 -0.087557 0.061242 0.051534 -0.349735 0.065962 0.933102
1305032358.962241 0.612285 -0.136105 0.044818 0.041304 -0.352114 0.069860 0.932432
1305032358.994407 0.618435 -0.131037 0.042489 0.044821 -0.356088 0.055088 0.931750
1305032359.026158 0.648617 -0.131610 0.055938 0.037602 -0.364393 0.050693 0.929104
1305032359.062253 0.642091 -0.130386 0.039753 0.029273 -0.363038 0.039326 0.930484
1305032359.094092 0.670744 -0.146842 0.050033 0.019283 -0.367127 0.032404 0.929406
1305032359.126199 0.667402 -0.145729 0.043839 0.012385 -0.364276 0.024325 0.930891
1305032359.162210 0.675125 -0.148744 0.037766 0.004482 -0.360202 0.013451 0.932766
1305032359.194261 0.696168 -0.159039 0.038947 -0.005116 -0.360025 0.004104 0.932920
1305032359.226273 0.707540 -0.214470 0.026026 -0.023586 -0.353507 -0.008649 0.935094
1305032359.262098 0.720507 -0.245674 0.014792 -0.042964 -0.347406 -0.014255 0.936622
1305032359.294269 0.725323 -0.273666 0.007955 -0.061771 -0.339850 -0.023705 0.938149
1305032359.326149 0.730739 -0.287397 0.003026 -0.073988 -0.336105 -0.034624 0.938275
1305032359.362167 0.734315 -0.308553 -0.003102 -0.086841 -0.331504 -0.043939 0.938420
1305032359.394278 0.731796 -0.328666 -0.016894 -0.100038 -0.323958 -0.048634 0.939510
1305032359.426269 0.735310 -0.359543 -0.009549 -0.113866 -0.324215 -0.059014 0.937249
1305032359.462531 0.745459 -0.384197 -0.011996 -0.115125 -0.325781 -0.072956 0.935570
1305032359.494170 0.746301 -0.389143 -0.013666 -0.128288 -0.319932 -0.080459 0.935260
1305032359.526344 0.747530 -0.430782 -0.001556 -0.141603 -0.319087 -0.086532 0.933083
1305032359.561974 0.754922 -0.459017 0.010186 -0.147749 -0.312636 -0.086490 0.934317
1305032359.593965 0.756335 -0.484137 -0.008443 -0.162487 -0.310903 -0.094347 0.931685
1305032359.626579 0.750987 -0.503298 -0.002779 -0.172069 -0.313339 -0.101839 0.928353
1305032359.662143 0.753987 -0.511085 0.003719 -0.196781 -0.307183 -0.097079 0.926008
1305032359.694113 0.745393 -0.543695 0.009805 -0.207546 -0.310712 -0.103095 0.921821
1305032359.727003 0.750826 -0.554317 0.027015 -0.224666 -0.301460 -0.103630 0.920819
1305032359.762020 0.733493 -0.585940 0.030075 -0.219223 -0.317329 -0.113608 0.915607
1305032359.794035 0.728635 -0.612456 0.034231 -0.214684 -0.324614 -0.123301 0.912871
1305032359.826141 0.728681 -0.625339 0.049562 -0.230326 -0.321967 -0.127644 0.909392
1305032359.861990 0.723303 -0.641924 0.050681 -0.234708 -0.324024 -0.134018 0.906620
1305032359.894154 0.719295 -0.658527 0.067380 -0.248761 -0.324716 -0.138640 0.901918
1305032359.926260 0.715226 -0.677070 0.070078 -0.251857 -0.331735 -0.148833 0.896866
1305032359.962016 0.705236 -0.692151 0.073621 -0.253469 -0.338958 -0.160564 0.891673
1305032359.994161 0.695287 -0.716305 0.095169 -0.267544 -0.340102 -0.168036 0.885728
1305032360.026214 0.691108 -0.729223 0.096171 -0.280175 -0.343877 -0.181027 0.877770
1305032360.062208 0.682979 -0.738236 0.111705 -0.295729 -0.348824 -0.191496 0.868444
1305032360.094178 0.676763 -0.754879 0.127699 -0.305836 -0.353702 -0.202960 0.860330
1305032360.126153 0.671091 -0.762020 0.139392 -0.317673 -0.361794 -0.214529 0.849804
1305032360.162096 0.660012 -0.765917 0.166313 -0.330951 -0.371074 -0.221594 0.838851
1305032360.194272 0.646214 -0.768268 0.193939 -0.340718 -0.383038 -0.232256 0.826590
1305032360.226425 0.634436 -0.777682 0.216032 -0.346945 -0.392759 -0.242484 0.816438
1305032360.262218 0.615291 -0.785751 0.245972 -0.354870 -0.404016 -0.250072 0.805172
1305032360.294155 0.593229 -0.789373 0.268783 -0.354242 -0.419001 -0.257060 0.795532
1305032360.326447 0.572883 -0.800108 0.303814 -0.355483 -0.433558 -0.262918 0.785196
1305032360.362033 0.553463 -0.807006 0.328747 -0.346821 -0.447880 -0.271574 0.778053
1305032360.394240 0.552090 -0.816077 0.336345 -0.341924 -0.462336 -0.276490 0.769991
1305032360.426246 0.538414 -0.825313 0.360263 -0.344519 -0.474759 -0.285167 0.758018
1305032360.462086 0.520274 -0.831430 0.378958 -0.345094 -0.481714 -0.293014 0.750336
1305032360.494117 0.502054 -0.840997 0.392622 -0.337962 -0.488175 -0.304611 0.744768
1305032360.526058 0.494610 -0.847348 0.417576 -0.337307 -0.494186 -0.309287 0.739152
1305032360.562042 0.462751 -0.865257 0.427575 -0.339699 -0.498138 -0.314809 0.733047
1305032360.594303 0.458488 -0.858519 0.430475 -0.328122 -0.505011 -0.323795 0.729697
1305032360.626168 0.428028 -0.869984 0.443560 -0.324625 -0.510403 -0.327090 0.726030
1305032360.662151 0.413944 -0.865990 0.445612 -0.309846 -0.520969 -0.331365 0.723038
1305032360.694073 0.399198 -0.867084 0.468851 -0.296778 -0.532785 -0.334378 0.718508
1305032360.726267 0.378125 -0.865223 0.461023 -0.275475 -0.540682 -0.339685 0.718603
1305032360.762184 0.370186 -0.863996 0.468701 -0.260199 -0.552604 -0.336071 0.716925
1305032360.794210 0.348221 -0.863534 0.464428 -0.252630 -0.559599 -0.329011 0.717481
1305032360.826192 0.328840 -0.874595 0.465881 -0.249177 -0.566853 -0.320620 0.716792
1305032360.862084 0.306905 -0.907024 0.472843 -0.252775 -0.573768 -0.313134 0.713332
1305032360.894309 0.312669 -0.911907 0.496477 -0.250224 -0.582216 -0.315147 0.706466
1305032360.926229 0.306685 -0.905120 0.498249 -0.247776 -0.587071 -0.321435 0.700453
1305032360.962184 0.289175 -0.894356 0.502051 -0.243325 -0.593645 -0.323204 0.695642
1305032360.994081 0.274060 -0.904784 0.488258 -0.241156 -0.598109 -0.324930 0.691759
1305032361.026412 0.270729 -0.919274 0.488036 -0.249834 -0.602890 -0.323114 0.685350
1305032361.062613 0.249760 -0.933991 0.495181 -0.255499 -0.603940 -0.333410 0.677359
1305032361.094085 0.254633 -0.902833 0.501572 -0.252335 -0.612710 -0.335230 0.669727
1305032361.126224 0.241483 -0.885775 0.521293 -0.248308 -0.623497 -0.328390 0.664646
1305032361.162028 0.244887 -0.855796 0.539561 -0.234135 -0.637243 -0.322214 0.659758
1305032361.194805 0.234301 -0.849808 0.539723 -0.219411 -0.646998 -0.318879 0.656939
1305032361.226328 0.238977 -0.832689 0.529543 -0.202090 -0.653835 -0.312417 0.658829
1305032361.262093 0.240824 -0.838614 0.540835 -0.191285 -0.663448 -0.307078 0.654943
1305032361.294099 0.248470 -0.832275 0.542560 -0.183234 -0.672700 -0.301508 0.650379
1305032361.326219 0.247993 -0.852964 0.536519 -0.183239 -0.676377 -0.302314 0.646176
1305032361.362098 0.255868 -0.850765 0.530756 -0.183386 -0.679396 -0.302925 0.642672
1305032361.394120 0.273630 -0.827980 0.544456 -0.174029 -0.691178 -0.299578 0.634224
1305032361.426392 0.281577 -0.831006 0.544367 -0.173472 -0.694066 -0.301700 0.630204
1305032361.462374 0.299535 -0.802597 0.576673 -0.164806 -0.701497 -0.297473 0.626299
1305032361.494238 0.311645 -0.793757 0.581641 -0.161534 -0.703709 -0.297703 0.624559
1305032361.526056 0.325628 -0.781965 0.620856 -0.155982 -0.713651 -0.294693 0.616058
1305032361.562110 0.341468 -0.756311 0.642738 -0.142414 -0.723213 -0.284704 0.612883
1305032361.594263 0.360331 -0.740740 0.658050 -0.128404 -0.729621 -0.278692 0.611143
1305032361.626125 0.373676 -0.733407 0.668130 -0.118006 -0.733151 -0.274089 0.611097
1305032361.662057 0.378737 -0.724003 0.690569 -0.107645 -0.737388 -0.264457 0.612155
1305032361.694201 0.400742 -0.706101 0.707795 -0.094135 -0.740042 -0.252278 0.616306
1305032361.726243 0.428455 -0.693031 0.713661 -0.084698 -0.739922 -0.237572 0.623619
1305032361.762065 0.415577 -0.745745 0.645551 -0.091542 -0.726556 -0.240318 0.637169
1305032361.793966 0.426919 -0.748623 0.645740 -0.098037 -0.717644 -0.230575 0.649777
1305032361.826451 0.431829 -0.758730 0.670162 -0.103865 -0.715318 -0.228453 0.652182
1305032361.862158 0.446631 -0.767624 0.676084 -0.113380 -0.705873 -0.226533 0.661492
1305032361.894163 0.453822 -0.750366 0.660170 -0.114792 -0.700660 -0.221820 0.668352
1305032361.926270 0.459696 -0.722766 0.680834 -0.118822 -0.699113 -0.214045 0.671794
1305032361.962071 0.470352 -0.664247 0.725555 -0.108318 -0.705237 -0.194534 0.673100
1305032361.994272 0.482411 -0.696838 0.678181 -0.119060 -0.699766 -0.188019 0.678823
1305032362.026445 0.484243 -0.685212 0.677994 -0.123807 -0.697786 -0.191901 0.678926
1305032362.062429 0.488528 -0.655322 0.689992 -0.131432 -0.695239 -0.178784 0.683670
1305032362.094264 0.490989 -0.643661 0.697870 -0.136663 -0.693519 -0.167806 0.687165
1305032362.126366 0.496408 -0.625623 0.717018 -0.138819 -0.694070 -0.156447 0.688854
1305032362.162089 0.506599 -0.597521 0.729795 -0.146422 -0.692248 -0.142123 0.692210
1305032362.194357 0.513124 -0.585716 0.751456 -0.147457 -0.697259 -0.136736 0.688033
1305032362.226182 0.512722 -0.575857 0.752094 -0.151503 -0.698044 -0.128701 0.687908
1305032362.262104 0.525197 -0.560135 0.771039 -0.151082 -0.700902 -0.126952 0.685415
1305032362.294204 0.533032 -0.527902 0.790799 -0.155586 -0.706053 -0.117494 0.680792
1305032362.326223 0.531908 -0.507285 0.804217 -0.155348 -0.710818 -0.111668 0.676856
1305032362.362125 0.540954 -0.490252 0.828973 -0.158106 -0.719987 -0.101115 0.668129
1305032362.396276 0.534606 -0.466131 0.830865 -0.154360 -0.725352 -0.099355 0.663450
1305032362.426284 0.531780 -0.440427 0.861482 -0.151992 -0.734299 -0.087938 0.655722
1305032362.462140 0.534582 -0.423450 0.864336 -0.147773 -0.739257 -0.082649 0.651791
1305032362.494238 0.540298 -0.399631 0.867587 -0.145865 -0.743313 -0.077472 0.648234
1305032362.526267 0.534741 -0.377277 0.880267 -0.144910 -0.748946 -0.071824 0.642590
1305032362.562001 0.535350 -0.364828 0.897925 -0.141394 -0.754152 -0.068730 0.637604
1305032362.594165 0.529203 -0.317783 0.902383 -0.135321 -0.757429 -0.055379 0.636336
1305032362.626096 0.539920 -0.359286 0.889819 -0.142532 -0.755915 -0.053422 0.636729
1305032362.662324 0.538102 -0.348722 0.882751 -0.149020 -0.757894 -0.049871 0.633168
1305032362.694131 0.532231 -0.338255 0.915353 -0.150481 -0.766087 -0.047330 0.623078
1305032362.726009 0.530174 -0.321343 0.910500 -0.155554 -0.767707 -0.044450 0.620043
1305032362.762257 0.526887 -0.291411 0.910156 -0.152749 -0.770520 -0.037669 0.617696
1305032362.794154 0.521892 -0.263468 0.892288 -0.151738 -0.769555 -0.030642 0.619534
1305032362.826077 0.517611 -0.255565 0.896164 -0.149460 -0.771436 -0.023267 0.618067
1305032362.862131 0.516117 -0.246675 0.899116 -0.148043 -0.772676 -0.016817 0.617067
1305032362.894197 0.513458 -0.231972 0.903920 -0.143497 -0.775463 -0.011284 0.614766
1305032362.926069 0.513993 -0.213396 0.897696 -0.135764 -0.777258 -0.005241 0.614337
1305032362.962141 0.507070 -0.196271 0.904027 -0.126264 -0.777933 0.000007 0.615531
1305032362.994111 0.503801 -0.192175 0.900319 -0.120461 -0.777008 0.013012 0.617720
1305032363.026024 0.504272 -0.180568 0.901185 -0.108063 -0.777011 0.026497 0.619576
1305032363.061883 0.509422 -0.177666 0.901874 -0.100527 -0.772850 0.033108 0.625700
1305032363.094055 0.504005 -0.168067 0.899767 -0.096222 -0.769770 0.048637 0.629151
1305032363.126578 0.504352 -0.162202 0.897291 -0.086427 -0.768785 0.060775 0.630719
1305032363.162144 0.504360 -0.157767 0.895520 -0.078480 -0.766547 0.065458 0.634004
1305032363.194513 0.507732 -0.150899 0.887858 -0.074685 -0.764155 0.076828 0.636071
1305032363.226280 0.507359 -0.143133 0.887637 -0.072168 -0.763841 0.088613 0.635206
1305032363.263114 0.507182 -0.125072 0.891252 -0.068749 -0.764693 0.096032 0.633479
1305032363.294225 0.508444 -0.126794 0.885767 -0.062715 -0.764239 0.096918 0.634517
1305032363.326272 0.513907 -0.125336 0.876579 -0.059848 -0.761253 0.102192 0.637550
1305032363.361941 0.515490 -0.113079 0.880336 -0.057658 -0.757190 0.109307 0.641397
1305032363.394083 0.514898 -0.099546 0.875223 -0.054293 -0.753782 0.120527 0.643692
1305032363.426162 0.520653 -0.083289 0.873353 -0.053706 -0.752500 0.125106 0.644366
1305032363.462820 0.522057 -0.077490 0.877095 -0.054670 -0.751197 0.123579 0.646098
1305032363.494026 0.525334 -0.059227 0.884266 -0.056769 -0.750458 0.131752 0.645161
1305032363.526415 0.531381 -0.061784 0.879409 -0.063234 -0.748976 0.128209 0.646992
1305032363.562139 0.534795 -0.046496 0.890637 -0.072951 -0.749217 0.130057 0.645319
1305032363.594144 0.527669 -0.033109 0.892005 -0.078307 -0.749904 0.136705 0.642514
1305032363.626354 0.528794 -0.013625 0.893041 -0.079160 -0.751452 0.137957 0.640329
1305032363.662136 0.525866 -0.015390 0.898090 -0.086388 -0.753306 0.142479 0.636213
1305032363.694070 0.518871 0.001946 0.897637 -0.085949 -0.757036 0.146035 0.631017
1305032363.726086 0.518515 -0.007283 0.900764 -0.084856 -0.761516 0.144813 0.626037
1305032363.762284 0.516395 -0.008127 0.907801 -0.078193 -0.765470 0.145383 0.621937
1305032363.794030 0.510159 -0.015803 0.924340 -0.075873 -0.768368 0.152088 0.617027
1305032363.826380 0.509841 -0.010620 0.921422 -0.064093 -0.767404 0.153586 0.619188
1305032363.862068 0.507118 -0.014224 0.931144 -0.056636 -0.766924 0.162883 0.618134
1305032363.894033 0.507090 -0.006750 0.931146 -0.052131 -0.767151 0.173383 0.615386
1305032363.926407 0.505396 -0.001596 0.948183 -0.051127 -0.772587 0.173860 0.608497
1305032363.962119 0.503456 -0.010053 0.954054 -0.040631 -0.776397 0.170276 0.605445
1305032363.994050 0.506254 -0.015730 0.947055 -0.037524 -0.776821 0.173367 0.604222
1305032364.026025 0.504487 -0.026387 0.958148 -0.036377 -0.779658 0.170683 0.601397
1305032364.062120 0.500061 -0.050002 0.976930 -0.034783 -0.783822 0.169758 0.596318
1305032364.094057 0.506727 -0.052579 0.981736 -0.034562 -0.787256 0.173673 0.590654
1305032364.126909 0.500034 -0.052743 0.978627 -0.029888 -0.791506 0.167870 0.586894
1305032364.162092 0.494797 -0.065357 0.981513 -0.026226 -0.799851 0.163184 0.576993
1305032364.194217 0.496451 -0.074027 0.981134 -0.025482 -0.807662 0.153491 0.568746
1305032364.226629 0.495008 -0.077908 0.991400 -0.025935 -0.817684 0.138626 0.558124
1305032364.262242 0.492392 -0.093688 0.992637 -0.027295 -0.826808 0.127270 0.547217
1305032364.294072 0.497804 -0.114674 0.997706 -0.025809 -0.835208 0.114022 0.537364
1305032364.326102 0.498015 -0.127338 0.993078 -0.029310 -0.841768 0.100230 0.529643
1305032364.362134 0.491612 -0.127643 1.002121 -0.026674 -0.849317 0.083299 0.520587
1305032364.394077 0.485614 -0.157629 1.017480 -0.029718 -0.856820 0.060688 0.511168
1305032364.426015 0.480640 -0.158521 1.018940 -0.031487 -0.863071 0.043592 0.502211
1305032364.462091 0.467033 -0.163709 1.038342 0.028758 0.870879 -0.022010 -0.490161
1305032364.494035 0.461514 -0.200270 1.037484 0.027915 0.875347 0.004143 -0.482672
1305032364.526202 0.459644 -0.241046 1.035462 0.026050 0.877816 0.029102 -0.477403
1305032364.562323 0.454332 -0.271515 1.033634 0.024592 0.879378 0.050914 -0.472754
1305032364.594171 0.447517 -0.299469 1.036013 0.022023 0.879063 0.070766 -0.470910
1305032364.626031 0.441545 -0.309968 1.049905 0.014038 0.878995 0.083747 -0.469208
1305032364.662222 0.436385 -0.338555 1.051158 0.016858 0.879111 0.094035 -0.466945
1305032364.694036 0.423676 -0.382287 1.073654 0.006362 0.876707 0.114661 -0.467116
1305032364.726019 0.413136 -0.376969 1.081104 0.015191 0.876884 0.128152 -0.463055
1305032364.762093 0.398801 -0.401373 1.102390 0.014599 0.872687 0.147595 -0.465209
1305032364.793964 0.398275 -0.399457 1.092824 0.017436 0.872028 0.165200 -0.460403
1305032364.826005 0.394397 -0.392745 1.100171 0.013293 0.871528 0.170384 -0.459599
1305032364.862289 0.397857 -0.405813 1.084095 0.011075 0.872113 0.179203 -0.455174
1305032364.894665 0.370249 -0.451832 1.104454 0.009361 0.874583 0.192938 -0.444737
1305032364.926087 0.374056 -0.460727 1.093563 0.012200 0.873669 0.201487 -0.442671
1305032364.962073 0.368889 -0.454594 1.096934 0.014246 0.874830 0.207076 -0.437709
1305032364.994009 0.350293 -0.487090 1.089894 0.019345 0.875556 0.216451 -0.431482
1305032365.026354 0.340418 -0.516333 1.087448 0.019346 0.876534 0.224129 -0.425534
1305032365.062031 0.330361 -0.527235 1.089288 0.020379 0.877165 0.231084 -0.420435
1305032365.094068 0.317285 -0.535117 1.090267 0.018902 0.877244 0.238989 -0.415896
1305032365.126212 0.301817 -0.548281 1.097776 0.018035 0.877424 0.249208 -0.409508
1305032365.162014 0.291427 -0.563536 1.087284 0.016548 0.877022 0.261161 -0.402930
1305032365.194029 0.282410 -0.575839 1.087725 0.010961 0.877504 0.268909 -0.396932
1305032365.226143 0.271221 -0.587152 1.081013 0.003638 0.878115 0.276883 -0.390174
1305032365.262990 0.255319 -0.600093 1.083438 -0.000631 0.879670 0.283917 -0.381538
1305032365.294066 0.247756 -0.611638 1.082878 -0.002566 0.880435 0.291829 -0.373716
1305032365.326046 0.230304 -0.620902 1.078731 -0.004316 0.882031 0.297570 -0.365314
1305032365.362017 0.223968 -0.626163 1.077924 -0.011370 0.883384 0.300273 -0.359637
1305032365.394019 0.216346 -0.634720 1.085671 -0.013965 0.883951 0.306156 -0.353134
1305032365.426099 0.200095 -0.643282 1.079721 -0.014774 0.884860 0.312280 -0.345378
1305032365.462022 0.198702 -0.644196 1.073365 -0.018611 0.886539 0.313815 -0.339445
1305032365.494036 0.189657 -0.652755 1.072636 -0.017084 0.888634 0.317195 -0.330794
1305032365.526240 0.183665 -0.658475 1.070963 -0.017353 0.890359 0.317638 -0.325676
1305032365.562023 0.181955 -0.659872 1.064405 -0.019898 0.892855 0.317254 -0.319003
1305032365.594024 0.179169 -0.668550 1.063417 -0.021844 0.896686 0.315149 -0.310092
1305032365.626188 0.179977 -0.676489 1.058713 -0.025244 0.900067 0.313597 -0.301495
1305032365.662032 0.175142 -0.683154 1.062759 -0.027128 0.902242 0.314508 -0.293781
1305032365.694005 0.165207 -0.687760 1.060286 -0.027469 0.903519 0.316021 -0.288150
1305032365.726094 0.158344 -0.690159 1.055885 -0.027213 0.905750 0.315562 -0.281596
1305032365.762013 0.156941 -0.696055 1.048660 -0.031821 0.909978 0.310291 -0.273214
1305032365.794129 0.147231 -0.698722 1.056399 -0.031288 0.912530 0.306725 -0.268754
1305032365.826278 0.139830 -0.712632 1.049023 -0.030276 0.914151 0.305566 -0.264652
1305032365.862061 0.134062 -0.713092 1.045616 -0.030720 0.917227 0.299291 -0.261104
1305032365.894133 0.136899 -0.712914 1.039679 -0.027078 0.920366 0.291593 -0.259166
1305032365.930067 0.114391 -0.721985 1.044199 -0.023407 0.923349 0.285441 -0.255740
1305032365.962046 0.111772 -0.717529 1.041490 -0.015405 0.925814 0.277105 -0.256600
1305032365.994060 0.116899 -0.711049 1.031985 -0.009625 0.928569 0.265942 -0.258730
1305032366.030066 0.105124 -0.721831 1.028065 -0.003709 0.930666 0.262126 -0.255218
1305032366.062122 0.089699 -0.717105 1.035881 0.004261 0.933893 0.251862 -0.253754
1305032366.094052 0.086108 -0.751224 1.036108 0.007971 0.932449 0.256222 -0.254607
1305032366.130072 0.090573 -0.760441 1.035617 0.006482 0.928837 0.269362 -0.254290
1305032366.162008 0.074677 -0.742199 1.030724 -0.012042 0.928825 0.273952 -0.249177
1305032366.194013 0.065823 -0.760441 1.010751 -0.028145 0.927374 0.280400 -0.246093
1305032366.230053 0.079643 -0.766294 1.017514 -0.033290 0.924102 0.289201 -0.247566
1305032366.262058 0.075619 -0.775468 1.004218 -0.033088 0.923849 0.296672 -0.239572
1305032366.294059 0.070815 -0.782252 0.995585 -0.033083 0.924066 0.302380 -0.231459
1305032366.330143 0.059928 -0.789256 0.993877 -0.031176 0.922080 0.313724 -0.224442
1305032366.362039 0.056499 -0.797297 0.980039 -0.033993 0.920337 0.321885 -0.219576
1305032366.394005 0.056964 -0.797869 0.966257 -0.039333 0.920161 0.325592 -0.213884
1305032366.430032 0.057385 -0.797051 0.960002 -0.043398 0.918754 0.331851 -0.209485
1305032366.461993 0.048174 -0.803622 0.952294 -0.046823 0.917502 0.339213 -0.202320
1305032366.494101 0.046762 -0.805609 0.936193 -0.051541 0.917676 0.341675 -0.196144
1305032366.530048 0.047641 -0.804475 0.930346 -0.057714 0.918810 0.341988 -0.188418
1305032366.561989 0.043541 -0.804914 0.920047 -0.064798 0.920257 0.342971 -0.176917
1305032366.594003 0.040485 -0.796941 0.918126 -0.068117 0.922552 0.341969 -0.165276
1305032366.630014 0.040504 -0.798162 0.920146 -0.072824 0.923447 0.345064 -0.151241
1305032366.662972 0.036305 -0.799101 0.912144 -0.076715 0.923255 0.350358 -0.137710
1305032366.694106 0.035447 -0.790546 0.907934 -0.077879 0.923657 0.352388 -0.128898
1305032366.730115 0.040822 -0.784324 0.898199 -0.078012 0.925274 0.349969 -0.123708
1305032366.762112 0.032385 -0.779580 0.904671 -0.074772 0.927857 0.347740 -0.112102
1305032366.793956 0.032858 -0.774738 0.906252 -0.070976 0.929020 0.347735 -0.104715
1305032366.830030 0.033758 -0.772824 0.900272 -0.074426 0.930019 0.346692 -0.096594
1305032366.862172 0.028061 -0.771384 0.905710 -0.077818 0.931506 0.344168 -0.088261
1305032366.894254 0.029386 -0.766506 0.912613 -0.077794 0.932379 0.343482 -0.081471
1305032366.929969 0.023033 -0.761420 0.917324 -0.078190 0.932580 0.344411 -0.074582
1305032366.962015 0.024609 -0.762821 0.912800 -0.081099 0.933300 0.342407 -0.071633
1305032366.994018 0.016812 -0.764263 0.914426 -0.082852 0.936285 0.334890 -0.065989
1305032367.030022 0.015211 -0.762664 0.924144 -0.081301 0.939255 0.327136 -0.064593
1305032367.062114 0.009497 -0.763020 0.936864 -0.079086 0.942057 0.319659 -0.063976
1305032367.094130 0.006278 -0.758565 0.946500 -0.076913 0.944912 0.311393 -0.065269
1305032367.130285 -0.001763 -0.755672 0.956771 -0.075011 0.947648 0.303227 -0.066253
1305032367.162083 -0.008313 -0.749634 0.966607 -0.071914 0.950441 0.294261 -0.070010
1305032367.193961 -0.008073 -0.747981 0.981674 -0.070134 0.951939 0.287583 -0.078675
1305032367.230032 -0.016680 -0.746400 0.991322 -0.072544 0.953517 0.280346 -0.083358
1305032367.262270 -0.021168 -0.732878 1.002256 -0.068487 0.957102 0.267629 -0.087407
1305032367.293982 -0.024395 -0.730033 1.023007 -0.068136 0.958327 0.261928 -0.091432
1305032367.330063 -0.032717 -0.724992 1.036634 -0.067806 0.958493 0.260416 -0.094219
1305032367.362109 -0.039621 -0.716333 1.031567 -0.067538 0.961580 0.246908 -0.099196
1305032367.393996 -0.050461 -0.705711 1.048621 -0.075879 0.964305 0.232539 -0.101405
1305032367.430145 -0.049879 -0.703480 1.062185 -0.076853 0.965934 0.225319 -0.101469
1305032367.462005 -0.046328 -0.697444 1.061776 -0.075158 0.968548 0.213574 -0.103214
1305032367.494767 -0.051631 -0.688154 1.069744 -0.073142 0.971858 0.199486 -0.101727
1305032367.530124 -0.061878 -0.679681 1.077116 -0.073473 0.974487 0.188435 -0.097308
1305032367.562098 -0.067408 -0.672001 1.089243 -0.071512 0.976333 0.180646 -0.095006
1305032367.594518 -0.076097 -0.658902 1.103318 -0.068168 0.977488 0.176790 -0.092820
1305032367.629988 -0.090736 -0.656031 1.104963 -0.067730 0.978589 0.173558 -0.087490
1305032367.662173 -0.101072 -0.648228 1.109651 -0.072288 0.979323 0.169129 -0.084243
1305032367.694493 -0.096663 -0.634168 1.114619 -0.073937 0.979792 0.165790 -0.083988
1305032367.730004 -0.086719 -0.612470 1.116932 -0.073658 0.980667 0.161134 -0.083086
1305032367.762020 -0.097324 -0.597357 1.124551 -0.068418 0.982196 0.156062 -0.079087
1305032367.794824 -0.103661 -0.588793 1.128761 -0.063814 0.983027 0.154280 -0.076051
1305032367.829935 -0.109749 -0.567456 1.133724 -0.059724 0.984310 0.148612 -0.074042
1305032367.861953 -0.110474 -0.553349 1.132087 -0.053107 0.986074 0.140251 -0.071879
1305032367.894023 -0.115445 -0.542831 1.141183 -0.045422 0.987179 0.135356 -0.071368
1305032367.930098 -0.124023 -0.507921 1.146158 -0.040932 0.989205 0.121758 -0.070523
1305032367.962109 -0.116445 -0.505004 1.138196 -0.040048 0.990271 0.112615 -0.071255
1305032367.994871 -0.115945 -0.501834 1.129991 -0.037835 0.991394 0.103502 -0.070668
1305032368.030371 -0.115946 -0.489254 1.131411 -0.038233 0.993146 0.089998 -0.064030
1305032368.062044 -0.124095 -0.462948 1.129812 -0.035785 0.994854 0.075057 -0.057896
1305032368.094693 -0.133132 -0.450151 1.134129 -0.037901 0.996131 0.060339 -0.051428
1305032368.129978 -0.131485 -0.440114 1.138448 -0.036295 0.997070 0.048546 -0.046655
1305032368.162148 -0.128381 -0.412644 1.134704 -0.033744 0.998191 0.030071 -0.039647
1305032368.194071 -0.144550 -0.407865 1.145300 -0.034686 0.998912 0.019080 -0.024667
1305032368.230066 -0.139783 -0.384465 1.138177 -0.033535 0.999189 0.003321 -0.022020
1305032368.263367 -0.150833 -0.372553 1.148841 -0.040101 0.999105 -0.008549 -0.010411
1305032368.294047 -0.158028 -0.355333 1.158671 -0.038863 0.999129 -0.014497 -0.004616
1305032368.330048 -0.191416 -0.352746 1.164811 -0.057246 0.998213 -0.015805 0.006675
1305032368.362001 -0.195189 -0.332330 1.166004 -0.061789 0.997671 -0.026595 0.011304
1305032368.394058 -0.180172 -0.317584 1.167707 -0.052578 0.997771 -0.039968 0.009503
1305032368.430004 -0.204742 -0.315792 1.169069 -0.065381 0.996903 -0.039594 0.018492
1305032368.462392 -0.210743 -0.320162 1.173864 -0.078008 0.996112 -0.035189 0.020904
1305032368.494404 -0.240071 -0.285004 1.179218 -0.078642 0.994965 -0.057420 0.023746
1305032368.529995 -0.231359 -0.326092 1.191425 -0.081671 0.994032 -0.067942 0.024772
1305032368.561932 -0.231403 -0.273934 1.183621 -0.076308 0.992558 -0.093290 0.017415
1305032368.594184 -0.235475 -0.256575 1.184356 -0.071698 0.991602 -0.107467 0.006001
1305032368.629997 -0.262380 -0.276833 1.212241 -0.066101 0.991037 -0.116082 -0.001230
1305032368.662766 -0.251795 -0.265673 1.196914 -0.050296 0.990428 -0.128519 -0.002279
1305032368.693889 -0.254817 -0.235180 1.189336 -0.033029 0.989487 -0.140595 -0.007533
1305032368.730133 -0.280485 -0.201683 1.176664 -0.018337 0.987603 -0.155765 -0.006484
1305032368.762354 -0.286620 -0.189232 1.159445 -0.004497 0.986780 -0.161995 -0.001635
1305032368.794467 -0.283233 -0.186936 1.161100 0.009127 0.986575 -0.163028 0.002990
1305032368.830009 -0.276179 -0.172244 1.158234 0.018308 0.986171 -0.164626 0.005518
1305032368.862362 -0.309684 -0.161243 1.157093 0.021516 0.985240 -0.168511 0.021047
1305032368.894072 -0.278875 -0.140747 1.153172 0.026894 0.984128 -0.174263 0.020041
1305032368.929945 -0.313457 -0.139153 1.159596 0.027934 0.984518 -0.170968 0.026726
1305032368.961860 -0.297470 -0.110634 1.154283 0.036855 0.981780 -0.184731 0.024990
1305032368.993887 -0.295075 -0.135542 1.165246 0.041098 0.981674 -0.184548 0.023845
1305032369.030203 -0.302356 -0.084190 1.151054 0.042325 0.978330 -0.201561 0.021261
1305032369.062500 -0.294680 -0.085764 1.167066 0.053211 0.976745 -0.206753 0.019771
1305032369.093984 -0.297148 -0.062557 1.149870 0.060711 0.974894 -0.213582 0.016688
1305032369.130062 -0.332579 -0.056297 1.131235 0.068144 0.973364 -0.217312 0.026362
1305032369.162492 -0.334782 -0.054070 1.132197 0.074446 0.972447 -0.219069 0.028502
1305032369.194412 -0.331410 -0.052250 1.126545 0.077457 0.972058 -0.219494 0.030448
1305032369.230045 -0.345518 -0.055572 1.124405 0.082315 0.971588 -0.218634 0.037953
1305032369.262268 -0.343268 -0.052020 1.123276 0.085631 0.971276 -0.218188 0.041030
1305032369.294529 -0.340599 -0.030766 1.122702 0.088239 0.970090 -0.222604 0.039833
1305032369.330151 -0.349093 -0.028595 1.119056 0.094328 0.968917 -0.224834 0.041855
1305032369.361966 -0.375105 -0.018600 1.110785 0.099901 0.966781 -0.230115 0.049002
1305032369.394056 -0.370279 -0.027948 1.124617 0.105740 0.963615 -0.240430 0.049591
1305032369.430090 -0.377536 -0.047646 1.132325 0.105777 0.964549 -0.235499 0.054738
1305032369.461995 -0.383609 -0.058441 1.125291 0.107459 0.964876 -0.232128 0.059867
1305032369.493998 -0.372971 -0.046117 1.127496 0.112919 0.963960 -0.232615 0.062620
1305032369.529992 -0.383597 -0.046023 1.125087 0.114523 0.964300 -0.228128 0.070479
1305032369.562004 -0.379272 -0.047215 1.129933 0.111989 0.965907 -0.221693 0.073040
1305032369.594020 -0.367439 -0.039528 1.129182 0.108062 0.968155 -0.213380 0.073944
1305032369.630023 -0.375127 -0.039349 1.132944 0.108340 0.970134 -0.202633 0.077736
1305032369.661969 -0.371825 -0.044186 1.140068 0.111229 0.970995 -0.196661 0.078244
1305032369.694099 -0.376144 -0.045204 1.144638 0.107649 0.972857 -0.189371 0.078097
1305032369.730198 -0.388667 -0.059144 1.153702 0.102111 0.974666 -0.182775 0.078689
1305032369.762450 -0.375975 -0.054023 1.167859 0.097420 0.976294 -0.178441 0.074290
1305032369.794261 -0.379233 -0.067032 1.182074 0.094615 0.978023 -0.172060 0.070104
1305032369.830429 -0.399602 -0.058899 1.190513 0.089317 0.979605 -0.166354 0.068728
1305032369.862627 -0.395297 -0.063146 1.200168 0.085433 0.981780 -0.158499 0.060718
1305032369.894360 -0.402139 -0.066893 1.208170 0.082193 0.983484 -0.151996 0.053866
1305032369.930423 -0.405931 -0.065584 1.215396 0.080080 0.984886 -0.145653 0.048706
1305032369.962111 -0.412805 -0.061747 1.228341 0.075742 0.986397 -0.138988 0.044346
1305032369.994395 -0.419978 -0.062201 1.225433 0.072473 0.987941 -0.130598 0.040786
1305032370.029908 -0.436743 -0.057703 1.228324 0.075009 0.987693 -0.130565 0.042305
1305032370.062358 -0.421507 -0.062909 1.241013 0.064381 0.989554 -0.123172 0.038306
1305032370.094132 -0.420817 -0.062373 1.248104 0.064276 0.990716 -0.113976 0.036874
1305032370.130815 -0.416917 -0.059499 1.256020 0.060618 0.992113 -0.104082 0.034690
1305032370.164340 -0.422738 -0.064772 1.262249 0.060606 0.993158 -0.093770 0.034232
1305032370.193920 -0.420135 -0.056600 1.278060 0.060488 0.993710 -0.088978 0.031072
1305032370.230502 -0.415532 -0.053250 1.284329 0.060589 0.994275 -0.083413 0.028092
1305032370.262034 -0.412727 -0.045079 1.298628 0.061175 0.994704 -0.078777 0.024829
1305032370.293927 -0.414154 -0.051035 1.306616 0.061237 0.995273 -0.071463 0.023982
1305032370.330168 -0.414363 -0.041672 1.309796 0.058379 0.995664 -0.068141 0.024548
1305032370.362172 -0.411697 -0.042940 1.319567 0.056717 0.996148 -0.062503 0.023800
1305032370.393973 -0.413300 -0.052732 1.322363 0.054383 0.996661 -0.056979 0.021501
1305032370.430165 -0.432720 -0.042705 1.330940 0.055856 0.996510 -0.058117 0.021668
1305032370.462710 -0.420628 -0.045741 1.340720 0.051356 0.997094 -0.053911 0.016143
1305032370.494212 -0.421575 -0.046772 1.347465 0.050126 0.997413 -0.049986 0.012493
1305032370.530368 -0.419970 -0.044167 1.349059 0.049011 0.997615 -0.047497 0.010342
1305032370.562129 -0.416772 -0.044416 1.352873 0.045341 0.998078 -0.041506 0.007907
1305032370.594668 -0.411913 -0.050990 1.357489 0.040427 0.998695 -0.030771 0.005237
1305032370.630616 -0.422504 -0.043939 1.360218 0.032897 0.999184 -0.022694 0.005916
1305032370.662501 -0.416571 -0.048415 1.359857 0.032941 0.999332 -0.015607 0.002671
1305032370.694752 -0.420210 -0.055169 1.368223 0.029879 0.999522 -0.007893 -0.000998
1305032370.730453 -0.420616 -0.061689 1.367016 0.029749 0.999539 -0.003982 -0.004633
1305032370.762387 -0.423920 -0.062853 1.372568 0.027759 0.999589 -0.001500 -0.006980
1305032370.794212 -0.421673 -0.059028 1.379194 0.026514 0.999578 0.004075 -0.011106
1305032370.830542 -0.436351 -0.101333 1.366179 0.027741 0.999443 0.016824 -0.007808
1305032370.862583 -0.446154 -0.105288 1.361986 0.026654 0.999415 0.021399 -0.001283
1305032370.898506 -0.449295 -0.115584 1.370380 0.020945 0.999324 0.030174 0.001185
1305032370.930659 -0.455779 -0.124905 1.372336 0.018802 0.999016 0.039950 0.004224
1305032370.962789 -0.457898 -0.148118 1.368147 0.016158 0.998426 0.053430 0.005391
1305032370.998556 -0.469756 -0.140067 1.376050 0.010021 0.997959 0.062559 0.008002
1305032371.030832 -0.454478 -0.136311 1.384158 0.005553 0.997118 0.075558 0.004014
1305032371.062995 -0.464333 -0.141757 1.382959 0.004945 0.995846 0.090861 0.003274
1305032371.098685 -0.465221 -0.152533 1.379691 0.000258 0.994662 0.103179 0.001388
1305032371.129946 -0.459217 -0.182433 1.379904 -0.006033 0.993040 0.117610 -0.001959
1305032371.163377 -0.460419 -0.214760 1.383939 -0.014228 0.991000 0.132985 -0.005606
1305032371.199209 -0.476484 -0.230330 1.354222 -0.023041 0.990117 0.138212 -0.005927
1305032371.231556 -0.472900 -0.251597 1.339188 -0.036537 0.989475 0.139865 -0.006494
1305032371.263086 -0.469505 -0.279112 1.337189 -0.047578 0.988382 0.144106 -0.008457
1305032371.298863 -0.467276 -0.305508 1.329117 -0.057156 0.987158 0.148873 -0.009410
1305032371.331299 -0.467056 -0.340525 1.319215 -0.064907 0.985951 0.153767 -0.006614
1305032371.362286 -0.461938 -0.366901 1.316091 -0.078366 0.984245 0.158477 -0.002393
1305032371.399014 -0.460242 -0.378619 1.318904 -0.088916 0.982556 0.163317 0.002259
1305032371.429986 -0.474207 -0.405711 1.319384 -0.100585 0.979640 0.173483 0.009537
1305032371.461990 -0.476384 -0.431606 1.309817 -0.111826 0.976273 0.184867 0.014486
1305032371.500350 -0.479329 -0.445563 1.305820 -0.122923 0.972792 0.195376 0.019870
1305032371.530042 -0.487950 -0.463568 1.293938 -0.134235 0.968545 0.207769 0.027081
1305032371.563010 -0.495165 -0.490107 1.278068 -0.149418 0.963157 0.220996 0.034127
1305032371.594822 -0.501436 -0.505075 1.267381 -0.160350 0.958773 0.231068 0.040618
1305032371.629962 -0.503253 -0.517398 1.255579 -0.168184 0.954732 0.240952 0.046302
1305032371.661896 -0.502091 -0.533386 1.237079 -0.173341 0.950908 0.251155 0.051458
1305032371.698063 -0.511316 -0.548678 1.217835 -0.185841 0.945881 0.258870 0.061310
1305032371.730032 -0.524997 -0.560844 1.210819 -0.197215 0.941075 0.266146 0.068198
1305032371.763070 -0.527689 -0.574876 1.196398 -0.204495 0.935803 0.278062 0.071670
1305032371.798758 -0.535748 -0.578274 1.171614 -0.207017 0.933202 0.283800 0.075734
1305032371.830599 -0.528319 -0.587755 1.145869 -0.206425 0.931021 0.290609 0.078331
1305032371.862968 -0.542851 -0.604403 1.116544 -0.205808 0.929176 0.293432 0.090405
1305032371.898642 -0.554308 -0.608554 1.105422 -0.210931 0.926804 0.292888 0.103730
1305032371.930870 -0.562722 -0.624610 1.081407 -0.219440 0.922509 0.295803 0.115434
1305032371.961821 -0.569580 -0.640980 1.053144 -0.230127 0.917817 0.297552 0.126954
1305032371.998991 -0.566726 -0.652998 1.031078 -0.239957 0.914489 0.295609 0.136913
1305032372.030846 -0.573926 -0.669841 1.004935 -0.248813 0.911028 0.293306 0.148636
1305032372.061897 -0.577109 -0.681183 0.981257 -0.259940 0.907507 0.289249 0.158735
1305032372.098230 -0.577277 -0.691710 0.968907 -0.270370 0.903757 0.288303 0.164332
1305032372.129933 -0.582306 -0.701521 0.941394 -0.279295 0.900091 0.286219 0.172943
1305032372.166136 -0.573216 -0.711804 0.915834 -0.289464 0.896844 0.278355 0.185472
1305032372.198088 -0.569400 -0.721723 0.899365 -0.298374 0.893108 0.271673 0.198808
1305032372.230035 -0.558564 -0.733605 0.879375 -0.308293 0.888587 0.265805 0.211464
1305032372.266118 -0.550274 -0.737141 0.862863 -0.316463 0.884808 0.257686 0.224865
1305032372.297778 -0.547043 -0.745774 0.849329 -0.323965 0.879813 0.253266 0.238394
1305032372.329863 -0.534666 -0.756395 0.837572 -0.336789 0.873193 0.248790 0.249419
1305032372.366255 -0.527860 -0.761710 0.823573 -0.348527 0.867848 0.244784 0.255831
1305032372.398316 -0.517978 -0.769383 0.810642 -0.358452 0.863068 0.243670 0.259328
1305032372.430828 -0.509097 -0.777565 0.802328 -0.366842 0.858259 0.243018 0.264123
1305032372.466062 -0.500224 -0.782258 0.797872 -0.374652 0.853231 0.245095 0.267508
1305032372.498126 -0.486251 -0.788313 0.787537 -0.385133 0.846855 0.248236 0.269979
1305032372.530471 -0.468257 -0.790213 0.770673 -0.392682 0.842782 0.245037 0.274729
1305032372.565932 -0.459056 -0.799488 0.770294 -0.396384 0.839588 0.243161 0.280793
1305032372.597830 -0.447753 -0.809749 0.765393 -0.403062 0.833954 0.246724 0.284937
1305032372.629940 -0.430858 -0.814164 0.752809 -0.408256 0.830585 0.247595 0.286623
1305032372.664099 -0.419645 -0.823666 0.744646 -0.411635 0.828045 0.246856 0.289758
1305032372.698677 -0.409439 -0.826848 0.742375 -0.414353 0.825004 0.247382 0.294077
1305032372.729773 -0.396816 -0.830756 0.733789 -0.418102 0.820306 0.246602 0.302449
1305032372.766495 -0.383707 -0.836002 0.727750 -0.421861 0.816192 0.242960 0.311183
1305032372.797977 -0.371525 -0.838806 0.720097 -0.421463 0.814560 0.237487 0.320094
1305032372.831419 -0.360263 -0.841444 0.711244 -0.416391 0.815603 0.229266 0.329921
1305032372.866951 -0.349929 -0.853628 0.699624 -0.411653 0.815207 0.222357 0.341374
1305032372.898820 -0.341253 -0.856091 0.699113 -0.406323 0.815500 0.216935 0.350430
1305032372.930434 -0.331111 -0.862301 0.689491 -0.401181 0.814630 0.212505 0.360933
1305032372.966593 -0.323702 -0.872389 0.680328 -0.397153 0.811623 0.209868 0.373488
1305032372.998908 -0.322060 -0.868632 0.675546 -0.394191 0.806943 0.208812 0.387110
1305032373.030602 -0.310325 -0.868552 0.671571 -0.396455 0.799137 0.209131 0.400585
1305032373.066888 -0.305909 -0.869195 0.665726 -0.398545 0.792352 0.210720 0.411021
1305032373.099756 -0.305228 -0.861510 0.666900 -0.397992 0.787030 0.218822 0.417496
1305032373.129982 -0.297303 -0.857546 0.661840 -0.398516 0.779725 0.230353 0.424442
1305032373.166370 -0.291031 -0.853558 0.656410 -0.401630 0.769887 0.241458 0.433203
1305032373.198396 -0.282907 -0.849674 0.648282 -0.408245 0.758942 0.249382 0.441760
1305032373.230473 -0.277008 -0.841988 0.645046 -0.413088 0.751264 0.256348 0.446371
1305032373.266720 -0.269296 -0.837755 0.639719 -0.418108 0.742799 0.263328 0.451766
1305032373.298826 -0.259867 -0.832152 0.637357 -0.422488 0.734387 0.270633 0.457096
1305032373.331205 -0.248772 -0.825824 0.637567 -0.422148 0.729150 0.276109 0.462489
1305032373.366852 -0.244038 -0.824135 0.631750 -0.419034 0.724058 0.282415 0.469461
1305032373.399036 -0.237329 -0.822341 0.626535 -0.419322 0.717681 0.288502 0.475256
1305032373.434600 -0.227498 -0.821355 0.619692 -0.420221 0.711798 0.290236 0.482205
1305032373.465600 -0.223087 -0.822686 0.618517 -0.418066 0.708946 0.294027 0.485968
1305032373.498931 -0.218799 -0.820321 0.617883 -0.414647 0.706567 0.299903 0.488763
1305032373.534642 -0.216081 -0.820958 0.610489 -0.410390 0.702734 0.306167 0.493972
1305032373.566765 -0.213633 -0.819058 0.605737 -0.409036 0.699758 0.310230 0.496775
1305032373.598768 -0.207553 -0.821930 0.598012 -0.409501 0.696099 0.316144 0.497804
1305032373.637020 -0.207769 -0.818119 0.590392 -0.410491 0.695414 0.316892 0.497470
1305032373.664564 -0.203398 -0.815287 0.582375 -0.411713 0.697791 0.313397 0.495340
1305032373.697902 -0.199456 -0.816391 0.580377 -0.412117 0.700933 0.308861 0.493414
1305032373.734487 -0.196195 -0.820133 0.580191 -0.412927 0.702533 0.306553 0.491898
1305032373.766407 -0.195324 -0.814287 0.582810 -0.405967 0.707343 0.299329 0.495236
1305032373.795810 -0.197364 -0.814182 0.593207 -0.400183 0.709217 0.299451 0.497186
1305032373.834900 -0.210390 -0.818421 0.585995 -0.401282 0.703433 0.303364 0.502120
1305032373.867214 -0.206400 -0.826197 0.570476 -0.402461 0.700373 0.302989 0.505669
1305032373.899236 -0.213780 -0.829031 0.569393 -0.402129 0.704825 0.295822 0.503987
1305032373.935042 -0.226729 -0.825578 0.575599 -0.402938 0.709451 0.287857 0.501457
1305032373.966997 -0.232707 -0.827926 0.576360 -0.403471 0.710602 0.281043 0.503260
1305032373.999161 -0.242733 -0.831513 0.578012 -0.401036 0.713975 0.274806 0.503876
1305032374.031130 -0.259178 -0.830860 0.578972 -0.401898 0.716086 0.266449 0.504683
1305032374.066694 -0.269153 -0.835604 0.572258 -0.407948 0.717123 0.255267 0.504136
1305032374.098892 -0.283392 -0.832109 0.579886 -0.411457 0.720772 0.239202 0.503958
1305032374.134638 -0.297325 -0.832007 0.589603 -0.412551 0.722678 0.227494 0.505752
1305032374.165244 -0.316871 -0.829386 0.590127 -0.406728 0.726476 0.218136 0.509139
1305032374.198898 -0.332431 -0.824880 0.597990 -0.399343 0.729622 0.210482 0.513688
1305032374.234560 -0.349703 -0.818697 0.602085 -0.392962 0.728425 0.202470 0.523435
1305032374.266147 -0.369808 -0.809961 0.604108 -0.384908 0.728493 0.193337 0.532695
1305032374.294938 -0.394960 -0.802246 0.611700 -0.378166 0.726643 0.189760 0.541268
1305032374.334742 -0.413001 -0.790582 0.605926 -0.371605 0.723641 0.182716 0.552148
1305032374.364901 -0.425232 -0.783570 0.600769 -0.366170 0.720038 0.170078 0.564392
1305032374.399115 -0.446016 -0.772431 0.603520 -0.358358 0.717449 0.154696 0.576989
1305032374.434908 -0.482497 -0.759380 0.595666 -0.354859 0.710788 0.137111 0.591655
1305032374.465685 -0.507084 -0.741380 0.584878 -0.342722 0.710535 0.129049 0.600856
1305032374.498699 -0.529157 -0.719871 0.582281 -0.329371 0.710787 0.116736 0.610466
1305032374.534396 -0.569672 -0.698453 0.574933 -0.317206 0.708109 0.109845 0.621205
1305032374.565590 -0.598612 -0.689600 0.578776 -0.312037 0.708459 0.109643 0.623456
1305032374.594126 -0.627056 -0.668493 0.559372 -0.302087 0.712769 0.111379 0.623136
1305032374.634435 -0.646931 -0.657370 0.542807 -0.296415 0.715232 0.106093 0.623959
1305032374.666012 -0.673546 -0.636546 0.542368 -0.285551 0.719055 0.098099 0.625937
1305032374.693998 -0.701410 -0.618481 0.530318 -0.272056 0.722964 0.091836 0.628390
1305032374.733801 -0.733009 -0.604439 0.528888 -0.263672 0.727150 0.085412 0.628041
1305032374.764270 -0.746126 -0.583830 0.514261 -0.247129 0.732799 0.082747 0.628558
1305032374.794088 -0.774013 -0.566920 0.514383 -0.237456 0.738378 0.075673 0.626646
1305032374.833035 -0.795112 -0.543905 0.513585 -0.231721 0.742222 0.067814 0.625151
1305032374.865378 -0.812127 -0.524311 0.511356 -0.226209 0.744336 0.063760 0.625082
1305032374.893927 -0.834732 -0.499608 0.520205 -0.218367 0.750052 0.060121 0.621388
1305032374.934044 -0.847639 -0.484651 0.513695 -0.216372 0.753609 0.058936 0.617886
1305032374.963025 -0.867770 -0.445645 0.502584 -0.202171 0.758740 0.059275 0.616382
1305032374.994296 -0.879923 -0.446627 0.525729 -0.195739 0.765167 0.067689 0.609609
1305032375.033877 -0.888638 -0.429367 0.495584 -0.184880 0.769042 0.082268 0.606321
1305032375.063183 -0.899395 -0.404468 0.492819 -0.174902 0.773930 0.083147 0.602934
1305032375.093980 -0.907528 -0.386802 0.499096 -0.167679 0.780063 0.091030 0.595901
1305032375.133595 -0.915073 -0.368597 0.486031 -0.162593 0.783361 0.090137 0.593114
1305032375.165413 -0.927179 -0.345932 0.481955 -0.156715 0.787017 0.081841 0.591056
1305032375.193974 -0.929296 -0.333815 0.477071 -0.153097 0.791255 0.070225 0.587830
1305032375.233686 -0.940258 -0.312952 0.481973 -0.151502 0.794307 0.059835 0.585272
1305032375.266159 -0.938586 -0.298374 0.470408 -0.147443 0.795755 0.051864 0.585102
1305032375.301758 -0.946658 -0.282468 0.481558 -0.143143 0.797307 0.046928 0.584474
1305032375.333721 -0.951082 -0.267827 0.481285 -0.140862 0.796011 0.039814 0.587315
1305032375.365860 -0.950023 -0.261077 0.472487 -0.137362 0.794756 0.035373 0.590122
1305032375.401985 -0.949009 -0.246392 0.475055 -0.131362 0.790444 0.030817 0.597489
1305032375.434217 -0.952085 -0.221833 0.469829 -0.122700 0.784845 0.014079 0.607260
1305032375.465834 -0.950982 -0.211069 0.471974 -0.119351 0.780045 0.004992 0.614215
1305032375.499837 -0.954181 -0.208786 0.475287 -0.116546 0.775214 -0.004382 0.620840
1305032375.532916 -0.949242 -0.192800 0.471088 -0.107596 0.770721 -0.019589 0.627716
1305032375.564725 -0.951477 -0.186444 0.479098 -0.100367 0.767274 -0.023949 0.632964
1305032375.601458 -0.953903 -0.173503 0.479382 -0.093364 0.763756 -0.029364 0.638042
1305032375.633354 -0.952660 -0.166443 0.477000 -0.092723 0.761447 -0.037737 0.640451
1305032375.665617 -0.952923 -0.161498 0.480594 -0.086961 0.760869 -0.043786 0.641560
1305032375.701017 -0.955696 -0.150650 0.473432 -0.077207 0.761168 -0.044923 0.642374
1305032375.733414 -0.960587 -0.132533 0.468766 -0.070340 0.761271 -0.044539 0.643066
1305032375.765442 -0.961218 -0.122655 0.462584 -0.068715 0.760289 -0.049206 0.644063
1305032375.801321 -0.958492 -0.113098 0.459587 -0.064137 0.759696 -0.051412 0.645062
1305032375.833190 -0.962746 -0.102692 0.454575 -0.059588 0.759339 -0.052727 0.645812
1305032375.862014 -0.960974 -0.093051 0.451685 -0.054474 0.759079 -0.055693 0.646320
1305032375.901630 -0.969068 -0.084188 0.451351 -0.044445 0.758036 -0.060314 0.647896
1305032375.933396 -0.971388 -0.077608 0.451061 -0.029102 0.755207 -0.064271 0.651679
1305032375.961907 -0.971791 -0.058116 0.436445 -0.020439 0.751748 -0.062107 0.656201
1305032375.998887 -0.974947 -0.047577 0.437009 -0.012576 0.748873 -0.064602 0.659437
1305032376.032860 -0.975491 -0.038839 0.437018 0.003766 0.745942 -0.059259 0.663358
1305032376.061932 -0.986537 -0.019231 0.416031 0.014832 0.744554 -0.057501 0.664915
1305032376.102161 -0.992459 -0.007542 0.408898 0.018791 0.746400 -0.052334 0.663170
1305032376.133711 -0.995173 0.002879 0.407743 0.026568 0.746879 -0.050186 0.662531
1305032376.162024 -1.001184 0.017147 0.393335 0.034659 0.746807 -0.046689 0.662493
1305032376.199867 -1.007747 0.032198 0.394116 0.037704 0.750107 -0.043943 0.658777
1305032376.230456 -1.008547 0.043739 0.389307 0.044004 0.752466 -0.041788 0.655829
1305032376.261897 -1.016131 0.050910 0.388492 0.052623 0.753830 -0.036145 0.653961
1305032376.301905 -1.018538 0.067227 0.380699 0.051586 0.755302 -0.032501 0.652534
1305032376.333850 -1.016411 0.078411 0.383266 0.053701 0.757425 -0.031377 0.649953
1305032376.362196 -1.018893 0.093334 0.378778 0.060064 0.756759 -0.028094 0.650322
1305032376.401623 -1.019297 0.093324 0.377884 0.062934 0.757380 -0.027653 0.649346
1305032376.433420 -1.021301 0.101374 0.377266 0.069903 0.757204 -0.028476 0.648803
1305032376.461966 -1.018537 0.113320 0.373932 0.081312 0.757353 -0.031263 0.647169
1305032376.502252 -1.020976 0.116255 0.369871 0.095278 0.758651 -0.035372 0.643521
1305032376.534217 -1.019304 0.123417 0.368154 0.109218 0.758644 -0.041287 0.640958
1305032376.562020 -1.021844 0.133149 0.377420 0.118886 0.758307 -0.048362 0.639138
1305032376.601916 -1.021533 0.141219 0.378915 0.124583 0.757824 -0.055842 0.638016
1305032376.633870 -1.021667 0.148402 0.380955 0.134892 0.756211 -0.062984 0.637167
1305032376.662225 -1.019299 0.162048 0.386810 0.142268 0.754483 -0.067264 0.637174
1305032376.702073 -1.020612 0.168741 0.392301 0.145301 0.752579 -0.071174 0.638316
1305032376.734273 -1.023288 0.171725 0.396073 0.149907 0.750100 -0.075659 0.639651
1305032376.761981 -1.016350 0.182594 0.395994 0.153584 0.746701 -0.076023 0.642705
1305032376.802316 -1.016085 0.193796 0.396572 0.154845 0.744660 -0.080060 0.644278
1305032376.833971 -1.009328 0.204035 0.397133 0.158018 0.743105 -0.082814 0.644955
1305032376.861992 -1.005811 0.206411 0.398252 0.162508 0.740580 -0.087095 0.646179
1305032376.901902 -1.005138 0.216801 0.398648 0.163958 0.739763 -0.088978 0.646491
1305032376.933566 -0.999661 0.219662 0.398571 0.165215 0.738998 -0.090825 0.646790
1305032376.961961 -0.990005 0.223277 0.398005 0.168638 0.736365 -0.096064 0.648151
1305032376.999109 -0.989698 0.232211 0.396857 0.173038 0.735542 -0.100888 0.647192
1305032377.033968 -0.986753 0.236936 0.394563 0.175777 0.734574 -0.104196 0.647029
1305032377.062278 -0.979546 0.239348 0.396398 0.179740 0.731983 -0.106467 0.648505
1305032377.102624 -0.979041 0.249562 0.394445 0.184046 0.729107 -0.110169 0.649917
1305032377.129944 -0.973506 0.255995 0.393345 0.184581 0.728557 -0.109022 0.650576
1305032377.161952 -0.970023 0.259412 0.391264 0.185692 0.726894 -0.107938 0.652298
1305032377.201774 -0.968244 0.263434 0.392089 0.185428 0.726300 -0.105395 0.653449
1305032377.229977 -0.965955 0.266614 0.390206 0.184154 0.726808 -0.104187 0.653438
1305032377.261926 -0.962222 0.267642 0.391752 0.188767 0.724921 -0.104051 0.654240
1305032377.302313 -0.963200 0.267128 0.387861 0.188621 0.722952 -0.103064 0.656613
1305032377.330085 -0.960381 0.271798 0.390661 0.184663 0.723333 -0.102001 0.657484
1305032377.362122 -0.960477 0.264313 0.388203 0.181525 0.721516 -0.100192 0.660624
1305032377.401791 -0.959788 0.255883 0.390751 0.179422 0.720197 -0.099089 0.662801
1305032377.430000 -0.957427 0.252107 0.386868 0.172271 0.720597 -0.097605 0.664482
1305032377.461954 -0.959997 0.232322 0.386565 0.166688 0.720448 -0.096587 0.666214
1305032377.501541 -0.964508 0.222512 0.382127 0.162911 0.718746 -0.096101 0.669050
1305032377.530127 -0.961449 0.207119 0.378684 0.154739 0.719929 -0.095197 0.669847
1305032377.562030 -0.966490 0.189015 0.380356 0.146269 0.720349 -0.093612 0.671521
1305032377.602337 -0.966650 0.171904 0.375566 0.138588 0.718515 -0.092866 0.675208
1305032377.630198 -0.966143 0.156403 0.370887 0.129426 0.719122 -0.091177 0.676609
1305032377.662079 -0.967687 0.140377 0.363554 0.118387 0.719841 -0.088324 0.678242
1305032377.701676 -0.964027 0.114526 0.361394 0.107285 0.719185 -0.087392 0.680901
1305032377.730022 -0.970071 0.089811 0.353339 0.094300 0.719123 -0.085969 0.683066
1305032377.762107 -0.965287 0.070399 0.351121 0.081723 0.720492 -0.085089 0.683354
1305032377.801528 -0.961098 0.044499 0.345735 0.070942 0.719738 -0.085350 0.685317
1305032377.829990 -0.964712 0.019682 0.340675 0.059199 0.719988 -0.083296 0.686422
1305032377.862016 -0.953846 -0.005479 0.330905 0.045656 0.720377 -0.081636 0.687247
1305032377.901222 -0.952754 -0.017210 0.337505 0.031190 0.720207 -0.081182 0.688286
1305032377.929945 -0.950667 -0.031139 0.334662 0.017312 0.718770 -0.082745 0.690089
1305032377.962041 -0.946727 -0.052775 0.319216 0.005356 0.717482 -0.071069 0.692921
1305032378.001490 -0.942901 -0.082792 0.323796 -0.011866 0.716782 -0.072793 0.693385
1305032378.030011 -0.936908 -0.095714 0.318314 -0.026071 0.712982 -0.073379 0.696845
1305032378.062184 -0.935454 -0.116457 0.315185 -0.042998 0.713058 -0.073461 0.695918
1305032378.101402 -0.927806 -0.130067 0.300144 -0.054678 0.711570 -0.065766 0.697390
1305032378.130166 -0.918849 -0.160828 0.300732 -0.067322 0.710842 -0.070587 0.696555
1305032378.162063 -0.916699 -0.177413 0.297609 -0.075746 0.708618 -0.070351 0.697978
1305032378.201701 -0.910864 -0.192481 0.284600 -0.084730 0.705680 -0.064237 0.700507
1305032378.230090 -0.903629 -0.209360 0.288321 -0.099134 0.699766 -0.064711 0.704494
1305032378.262060 -0.887106 -0.227492 0.274485 -0.114382 0.690914 -0.064984 0.710867
1305032378.297958 -0.875207 -0.234284 0.275090 -0.121622 0.681949 -0.052787 0.719283
1305032378.330021 -0.860600 -0.254124 0.264097 -0.136508 0.670731 -0.055840 0.726888
1305032378.362038 -0.853547 -0.271131 0.252762 -0.156283 0.661489 -0.056919 0.731279
1305032378.398026 -0.846773 -0.286899 0.245777 -0.175294 0.650971 -0.047472 0.737059
1305032378.430058 -0.838450 -0.301571 0.238828 -0.192186 0.643362 -0.039194 0.740010
1305032378.462047 -0.838706 -0.313184 0.245306 -0.207143 0.635974 -0.031343 0.742729
1305032378.497867 -0.826399 -0.338363 0.234321 -0.226241 0.626571 -0.027304 0.745304
1305032378.530157 -0.818391 -0.363686 0.237310 -0.243837 0.616460 -0.029662 0.748091
1305032378.562081 -0.810936 -0.384466 0.236586 -0.260227 0.605555 -0.034101 0.751280
1305032378.597959 -0.801328 -0.403358 0.228728 -0.278109 0.595942 -0.035395 0.752499
1305032378.630158 -0.796353 -0.425812 0.231568 -0.296435 0.587592 -0.032100 0.752218
1305032378.661960 -0.784240 -0.452839 0.229732 -0.316845 0.580760 -0.027493 0.749380
1305032378.698231 -0.767016 -0.479883 0.233894 -0.332192 0.576260 -0.024953 0.746291
1305032378.730042 -0.754351 -0.506477 0.238613 -0.339481 0.572478 -0.023418 0.745971
1305032378.761985 -0.747829 -0.526805 0.246409 -0.342059 0.570722 -0.018604 0.746275
1305032378.797887 -0.732775 -0.549985 0.249806 -0.342719 0.567359 -0.015819 0.748597
1305032378.830168 -0.723780 -0.564923 0.253896 -0.340946 0.564752 -0.015619 0.751377
1305032378.862028 -0.718633 -0.578088 0.274959 -0.342341 0.563440 -0.013745 0.751764
1305032378.897945 -0.702136 -0.612531 0.283532 -0.346381 0.553719 -0.014468 0.757104
1305032378.930160 -0.698539 -0.621804 0.297672 -0.350578 0.542367 -0.023901 0.763126
1305032378.962166 -0.688877 -0.629581 0.303948 -0.358878 0.526552 -0.038624 0.769713
1305032378.997991 -0.673960 -0.642537 0.308673 -0.368801 0.512106 -0.054342 0.773809
1305032379.030183 -0.665092 -0.655147 0.318548 -0.377027 0.503751 -0.062188 0.774737
1305032379.062055 -0.651478 -0.658444 0.318136 -0.386853 0.497683 -0.061382 0.773879
1305032379.098076 -0.640671 -0.667124 0.324195 -0.391356 0.495362 -0.056606 0.773468
1305032379.130109 -0.628074 -0.678334 0.323457 -0.391495 0.495202 -0.044024 0.774318
1305032379.162033 -0.611600 -0.689381 0.323299 -0.394013 0.496198 -0.031842 0.772999
1305032379.198104 -0.601273 -0.696782 0.325258 -0.397952 0.500143 -0.017986 0.768875
1305032379.230194 -0.586700 -0.713800 0.333360 -0.398915 0.502573 -0.007676 0.766960
1305032379.262091 -0.574806 -0.722404 0.333560 -0.395232 0.503240 -0.003237 0.768460
1305032379.298124 -0.562758 -0.740975 0.341080 -0.394622 0.500974 -0.000115 0.770259
1305032379.330184 -0.552933 -0.750591 0.344824 -0.391885 0.493620 -0.005117 0.776363
1305032379.362135 -0.540583 -0.760374 0.345705 -0.391436 0.483488 -0.019084 0.782721
1305032379.398082 -0.532691 -0.774778 0.349562 -0.393555 0.476801 -0.030610 0.785391
1305032379.430183 -0.521284 -0.779386 0.353442 -0.399871 0.470005 -0.041717 0.785785
1305032379.462019 -0.515375 -0.786275 0.364488 -0.405148 0.464370 -0.051018 0.785883
1305032379.498116 -0.498977 -0.792488 0.378652 -0.407828 0.455583 -0.064352 0.788657
1305032379.530134 -0.489537 -0.789614 0.392522 -0.403725 0.440918 -0.078559 0.797763
1305032379.562170 -0.489747 -0.797547 0.393485 -0.398651 0.426032 -0.087091 0.807458
1305032379.598236 -0.483231 -0.804319 0.404159 -0.394168 0.418521 -0.087116 0.813561
1305032379.630200 -0.474044 -0.812457 0.408983 -0.391998 0.412470 -0.084400 0.817975
1305032379.662215 -0.472994 -0.812934 0.406380 -0.389252 0.408764 -0.087067 0.820862
1305032379.698218 -0.470156 -0.815487 0.403227 -0.391970 0.405109 -0.092310 0.820807
1305032379.730243 -0.476110 -0.810828 0.402562 -0.394461 0.402063 -0.104867 0.819603
1305032379.762529 -0.478812 -0.822714 0.390264 -0.398529 0.401605 -0.112973 0.816777
1305032379.798231 -0.478023 -0.823385 0.372286 -0.406151 0.405167 -0.115720 0.810857
1305032379.830305 -0.480320 -0.826702 0.357800 -0.413644 0.408815 -0.114178 0.805439
1305032379.862243 -0.478537 -0.823752 0.345430 -0.420444 0.410283 -0.113194 0.801300
1305032379.898138 -0.480034 -0.827044 0.328461 -0.425984 0.411118 -0.111505 0.798177
1305032379.930293 -0.478454 -0.827845 0.316298 -0.431399 0.412785 -0.109352 0.794698
1305032379.962343 -0.477779 -0.828612 0.305580 -0.434617 0.415761 -0.110455 0.791233
1305032379.998300 -0.479678 -0.827382 0.291888 -0.437783 0.420076 -0.110199 0.787235
1305032380.030360 -0.480145 -0.824985 0.285321 -0.442323 0.422724 -0.110056 0.783289
1305032380.062398 -0.482094 -0.821480 0.274340 -0.444612 0.423383 -0.111799 0.781389
1305032380.098304 -0.484131 -0.812957 0.269572 -0.444847 0.423064 -0.109824 0.781708
1305032380.130311 -0.485141 -0.808185 0.262653 -0.444835 0.418902 -0.109401 0.784012
1305032380.162318 -0.486212 -0.802303 0.257940 -0.443365 0.411701 -0.112646 0.788188
1305032380.198396 -0.487792 -0.793439 0.254412 -0.438050 0.403876 -0.118364 0.794347
1305032380.230356 -0.489408 -0.786987 0.246068 -0.431889 0.398447 -0.120823 0.800071
1305032380.262393 -0.488479 -0.778480 0.241416 -0.424889 0.395348 -0.123589 0.804919
1305032380.298557 -0.491324 -0.769446 0.234855 -0.415555 0.394341 -0.115925 0.811401
1305032380.330519 -0.490556 -0.760054 0.225224 -0.408688 0.393776 -0.101974 0.817016
1305032380.362378 -0.487092 -0.745992 0.216916 -0.399023 0.393463 -0.089065 0.823429
1305032380.398355 -0.489200 -0.724517 0.218293 -0.382827 0.392900 -0.079727 0.832296
1305032380.430475 -0.490357 -0.710947 0.208468 -0.368844 0.387293 -0.067865 0.842231
1305032380.462299 -0.478141 -0.699224 0.198828 -0.355335 0.379500 -0.062635 0.851935
1305032380.498445 -0.479027 -0.681588 0.192647 -0.333078 0.375323 -0.062972 0.862685
1305032380.530597 -0.476052 -0.687551 0.183247 -0.328727 0.372534 -0.056416 0.866010
1305032380.562412 -0.472875 -0.660424 0.167352 -0.329276 0.373243 -0.054886 0.865595
1305032380.598350 -0.475068 -0.649027 0.161266 -0.326993 0.377452 -0.058717 0.864383
1305032380.630332 -0.476245 -0.630794 0.153630 -0.324308 0.383206 -0.061897 0.862639
1305032380.662349 -0.473507 -0.614327 0.155080 -0.320368 0.384713 -0.071849 0.862669
1305032380.698289 -0.474922 -0.591929 0.145434 -0.305019 0.382445 -0.082702 0.868251
1305032380.730370 -0.470611 -0.574253 0.141909 -0.292802 0.381033 -0.090923 0.872246
1305032380.762372 -0.464663 -0.565360 0.134122 -0.276402 0.375856 -0.095334 0.879344
1305032380.798301 -0.468790 -0.530436 0.115351 -0.264680 0.378460 -0.088693 0.882523
1305032380.830371 -0.459881 -0.513053 0.105435 -0.265752 0.378610 -0.087933 0.882212
1305032380.862334 -0.457556 -0.509135 0.105101 -0.255973 0.379203 -0.086242 0.885012
1305032380.898284 -0.450265 -0.481982 0.071863 -0.241601 0.377590 -0.086650 0.889689
1305032380.930298 -0.449442 -0.470263 0.062029 -0.232507 0.384224 -0.084077 0.889519
1305032380.962305 -0.441127 -0.453301 0.029870 -0.218127 0.389863 -0.081188 0.890975
1305032380.998378 -0.439814 -0.443137 0.007467 -0.208635 0.397751 -0.079368 0.889925
1305032381.030403 -0.439183 -0.424391 -0.015835 -0.198715 0.407887 -0.074324 0.888041
1305032381.062315 -0.443869 -0.398989 -0.027044 -0.189015 0.418588 -0.066762 0.885776
1305032381.098290 -0.455817 -0.394614 -0.030942 -0.183960 0.428282 -0.055984 0.882949
1305032381.130313 -0.466809 -0.360301 -0.063228 -0.175277 0.436619 -0.043918 0.881313
1305032381.162419 -0.473968 -0.337293 -0.075898 -0.168500 0.447012 -0.028019 0.878068
1305032381.198441 -0.486339 -0.333002 -0.080991 -0.164379 0.456520 -0.008113 0.874359
1305032381.230357 -0.486093 -0.325413 -0.094479 -0.162139 0.459831 0.008016 0.873042
1305032381.262413 -0.497856 -0.316633 -0.093166 -0.162269 0.465101 0.013987 0.870146
1305032381.298382 -0.508025 -0.306253 -0.095483 -0.155253 0.471716 0.020438 0.867734
1305032381.330288 -0.514987 -0.304475 -0.107129 -0.145967 0.475102 0.031129 0.867181
1305032381.362293 -0.525205 -0.278913 -0.123756 -0.137196 0.479315 0.037526 0.866041
1305032381.398352 -0.537260 -0.288821 -0.131451 -0.137207 0.487327 0.043937 0.861253
1305032381.430337 -0.549890 -0.275572 -0.147133 -0.134528 0.496888 0.048045 0.855977
1305032381.462322 -0.556437 -0.275298 -0.154958 -0.130297 0.509184 0.051973 0.849148
1305032381.498437 -0.564145 -0.278763 -0.166648 -0.123396 0.525135 0.054755 0.840243
1305032381.530570 -0.576782 -0.289097 -0.175225 -0.119155 0.538307 0.056744 0.832351
1305032381.562344 -0.583798 -0.299860 -0.174434 -0.112219 0.548314 0.053389 0.826988
1305032381.598331 -0.594692 -0.298512 -0.190492 -0.100897 0.558388 0.050945 0.821843
1305032381.630276 -0.613628 -0.306190 -0.186103 -0.093256 0.568325 0.054774 0.815665
1305032381.662406 -0.619994 -0.312248 -0.195438 -0.083775 0.576543 0.051738 0.811112
1305032381.698379 -0.633039 -0.313713 -0.191490 -0.071050 0.583241 0.047569 0.807787
1305032381.730349 -0.639242 -0.312554 -0.196285 -0.058989 0.583475 0.044386 0.808769
1305032381.762321 -0.640297 -0.312503 -0.206664 -0.050557 0.583125 0.042609 0.809687
1305032381.798267 -0.638566 -0.325286 -0.207436 -0.042127 0.581720 0.039877 0.811318
1305032381.830339 -0.639516 -0.326657 -0.216398 -0.025262 0.579987 0.038319 0.813331
1305032381.862314 -0.641382 -0.323135 -0.225481 -0.009954 0.579020 0.040909 0.814225
1305032381.898313 -0.635412 -0.337596 -0.237887 0.001304 0.580519 0.040788 0.813223
1305032381.930344 -0.633289 -0.345446 -0.242609 0.016824 0.584151 0.034014 0.810757
1305032381.962306 -0.635085 -0.350575 -0.259131 0.032228 0.584329 0.026850 0.810432
1305032381.998299 -0.635363 -0.349025 -0.264829 0.044297 0.588773 0.022814 0.806761
1305032382.030594 -0.636964 -0.348971 -0.273053 0.056221 0.593129 0.020756 0.802874
1305032382.062333 -0.637492 -0.353805 -0.282898 0.067613 0.597084 0.021562 0.799033
1305032382.098407 -0.635997 -0.365717 -0.294829 0.077122 0.599499 0.025551 0.796242
1305032382.130332 -0.638315 -0.358385 -0.308988 0.083328 0.601792 0.027497 0.793818
1305032382.162337 -0.637551 -0.355794 -0.322614 0.084059 0.603296 0.032750 0.792399
1305032382.198300 -0.631179 -0.361448 -0.335795 0.078617 0.603121 0.040612 0.792726
1305032382.230395 -0.622855 -0.357923 -0.347838 0.071562 0.602361 0.044418 0.793768
1305032382.262337 -0.614670 -0.355542 -0.351654 0.059300 0.601327 0.049167 0.795281
1305032382.298388 -0.603620 -0.367400 -0.354836 0.042314 0.597073 0.053550 0.799278
1305032382.330338 -0.585722 -0.366701 -0.359136 0.027563 0.590078 0.054912 0.805005
1305032382.362344 -0.574798 -0.371113 -0.363702 0.007341 0.581099 0.056324 0.811848
1305032382.398302 -0.555255 -0.371203 -0.360506 -0.011044 0.570706 0.059151 0.818947
1305032382.430306 -0.535909 -0.375409 -0.358204 -0.031124 0.558979 0.065046 0.826041
1305032382.462307 -0.506664 -0.388680 -0.364220 -0.054509 0.543333 0.071496 0.834690
1305032382.498305 -0.480185 -0.401625 -0.364505 -0.075296 0.528214 0.076382 0.842310
1305032382.530313 -0.450568 -0.401943 -0.355595 -0.099391 0.511207 0.078774 0.850049
1305032382.562286 -0.401577 -0.426886 -0.351934 -0.114121 0.500347 0.084527 0.854099
1305032382.598353 -0.382364 -0.422251 -0.344351 -0.131728 0.481283 0.078192 0.863076
1305032382.630346 -0.347910 -0.438293 -0.332203 -0.153721 0.460349 0.078052 0.870836
1305032382.662292 -0.322978 -0.457647 -0.309627 -0.171364 0.442299 0.074756 0.877164
1305032382.698317 -0.263352 -0.494608 -0.302191 -0.177198 0.431013 0.078048 0.881327
1305032382.730327 -0.228526 -0.507269 -0.288481 -0.185999 0.417588 0.070157 0.886624
1305032382.762183 -0.208641 -0.527227 -0.268203 -0.202199 0.403687 0.057708 0.890406
1305032382.798300 -0.173437 -0.557485 -0.254088 -0.210556 0.393355 0.045039 0.893817
1305032382.830351 -0.149711 -0.591525 -0.234994 -0.218106 0.380119 0.032980 0.898249
1305032382.862516 -0.139341 -0.606682 -0.208691 -0.231026 0.364054 0.018217 0.902087
1305032382.898275 -0.119870 -0.636285 -0.179766 -0.241920 0.344414 0.007430 0.907082
1305032382.930284 -0.109411 -0.644117 -0.161086 -0.240980 0.326076 -0.003535 0.914106
1305032382.962382 -0.095646 -0.662101 -0.137206 -0.243524 0.309071 -0.007707 0.919300
1305032382.998323 -0.083506 -0.684977 -0.117164 -0.251704 0.288114 -0.011224 0.923856
1305032383.030405 -0.073701 -0.694833 -0.107798 -0.256778 0.269842 -0.013766 0.927934
1305032383.062301 -0.055134 -0.712885 -0.090189 -0.261796 0.254048 -0.013316 0.930991
1305032383.098297 -0.046050 -0.738432 -0.063399 -0.267182 0.239876 -0.020532 0.933087
1305032383.130529 -0.034546 -0.746728 -0.051059 -0.263353 0.224715 -0.023369 0.937871
1305032383.162552 -0.020914 -0.753552 -0.047420 -0.268519 0.206942 -0.023288 0.940495
1305032383.198294 0.004094 -0.757557 -0.048035 -0.280534 0.187282 -0.026455 0.941024
1305032383.231449 0.002215 -0.770455 -0.031663 -0.296003 0.176811 -0.039667 0.937841
1305032383.262330 0.001834 -0.773594 -0.018410 -0.305897 0.168014 -0.053406 0.935600
1305032383.298309 0.011544 -0.781167 -0.003154 -0.308660 0.155309 -0.062362 0.936333
1305032383.330305 0.016277 -0.778210 0.006907 -0.307356 0.138892 -0.070758 0.938741
1305032383.362334 0.020928 -0.787536 0.014163 -0.307363 0.121482 -0.075871 0.940752
1305032383.398286 0.027781 -0.801355 0.021854 -0.308988 0.105120 -0.080698 0.941788
1305032383.430324 0.027200 -0.806885 0.029882 -0.308646 0.092330 -0.088380 0.942551
1305032383.462332 0.040821 -0.811814 0.027673 -0.309198 0.076738 -0.094604 0.943164
1305032383.498344 0.037867 -0.822868 0.033117 -0.310832 0.068153 -0.102120 0.942502
1305032383.530359 0.048896 -0.826733 0.031156 -0.313735 0.060267 -0.106398 0.941604
1305032383.562471 0.038022 -0.841691 0.042560 -0.316074 0.053304 -0.115105 0.940216
1305032383.598345 0.038638 -0.843328 0.041255 -0.307506 0.043316 -0.113750 0.943729
1305032383.630389 0.038994 -0.854358 0.033428 -0.307226 0.032314 -0.107142 0.945033
1305032383.662347 0.030940 -0.853766 0.034620 -0.307271 0.019808 -0.106317 0.945457
1305032383.698408 0.029483 -0.858788 0.032587 -0.308072 0.004148 -0.109179 0.945068
1305032383.730311 0.029535 -0.865080 0.030087 -0.314002 -0.010060 -0.112246 0.942710
1305032383.762295 0.025267 -0.865677 0.034091 -0.321866 -0.022494 -0.114991 0.939507
1305032383.798245 0.023362 -0.869523 0.037086 -0.326242 -0.032989 -0.116851 0.937456
1305032383.830511 0.021076 -0.871658 0.040330 -0.328306 -0.044393 -0.119579 0.935919
1305032383.862397 0.020198 -0.870625 0.040558 -0.328857 -0.054081 -0.120731 0.935068
1305032383.898295 0.021451 -0.871233 0.040705 -0.330490 -0.060860 -0.120409 0.934117
1305032383.930382 0.020903 -0.869141 0.042634 -0.330310 -0.063441 -0.118734 0.934223
1305032383.962464 0.021938 -0.865717 0.040063 -0.330688 -0.064426 -0.114054 0.934605
1305032383.998360 0.024072 -0.862673 0.040020 -0.332722 -0.065285 -0.107816 0.934564
1305032384.030384 0.027781 -0.858529 0.041767 -0.333237 -0.065166 -0.099894 0.935269
1305032384.062390 0.028011 -0.852232 0.043073 -0.332950 -0.065370 -0.093585 0.936009
1305032384.098318 0.036129 -0.848060 0.042293 -0.333277 -0.067340 -0.088139 0.936282
1305032384.130400 0.039589 -0.846297 0.043380 -0.332107 -0.069457 -0.082569 0.937050
1305032384.162395 0.042681 -0.842456 0.040228 -0.329663 -0.069689 -0.075741 0.938472
1305032384.198333 0.046017 -0.841427 0.045931 -0.327215 -0.069883 -0.072094 0.939600
1305032384.230364 0.048786 -0.841625 0.040678 -0.322251 -0.070698 -0.070370 0.941384
1305032384.262262 0.053618 -0.837051 0.041573 -0.317366 -0.071964 -0.067223 0.943176
1305032384.298317 0.052652 -0.837519 0.044024 -0.310075 -0.072549 -0.064090 0.945771
1305032384.330331 0.052812 -0.835494 0.042926 -0.300101 -0.075245 -0.059953 0.949043
1305032384.362345 0.056338 -0.826864 0.033022 -0.291431 -0.076439 -0.055486 0.951917
1305032384.398303 0.065296 -0.816714 0.025466 -0.286860 -0.076084 -0.052793 0.953486
1305032384.431342 0.073472 -0.809545 0.023495 -0.285019 -0.077490 -0.054018 0.953856
1305032384.462609 0.072660 -0.799651 0.018244 -0.282799 -0.079453 -0.059261 0.954044
1305032384.498266 0.079998 -0.789833 0.016351 -0.281803 -0.082447 -0.061990 0.953911
1305032384.530361 0.086798 -0.777886 0.015508 -0.281232 -0.083900 -0.062379 0.953928
1305032384.566265 0.088679 -0.763384 0.009510 -0.279199 -0.086114 -0.062828 0.954298
1305032384.598309 0.092186 -0.748552 0.003643 -0.280806 -0.087237 -0.062838 0.953724
1305032384.630376 0.100174 -0.737183 0.005907 -0.279970 -0.087750 -0.060374 0.954082
1305032384.666270 0.104216 -0.724291 0.002506 -0.276500 -0.086794 -0.053976 0.955563
1305032384.698533 0.111974 -0.708438 0.001057 -0.273565 -0.088514 -0.043337 0.956791
1305032384.730303 0.117948 -0.696342 -0.005039 -0.268462 -0.088902 -0.033845 0.958582
1305032384.766314 0.123996 -0.684912 -0.005447 -0.260316 -0.086313 -0.024559 0.961344
1305032384.798284 0.130305 -0.671478 -0.010567 -0.249424 -0.086124 -0.015336 0.964435
1305032384.830384 0.142969 -0.655475 -0.015219 -0.232850 -0.088918 -0.009407 0.968393
1305032384.866305 0.152777 -0.641279 -0.025538 -0.214387 -0.090015 -0.004807 0.972580
1305032384.898278 0.160276 -0.624583 -0.036921 -0.196582 -0.091755 0.000385 0.976185
1305032384.930358 0.170412 -0.603326 -0.047869 -0.178752 -0.091196 0.005414 0.979644
1305032384.966321 0.178595 -0.586951 -0.056805 -0.163448 -0.089590 0.010409 0.982421
1305032384.998291 0.188446 -0.567770 -0.068777 -0.148729 -0.086647 0.014539 0.984967
1305032385.030348 0.201763 -0.554789 -0.077560 -0.136778 -0.083974 0.018554 0.986862
1305032385.066236 0.202491 -0.539604 -0.093954 -0.122624 -0.080174 0.023925 0.988920
1305032385.098221 0.219266 -0.517462 -0.106674 -0.111953 -0.077475 0.030446 0.990221
1305032385.130368 0.233342 -0.506788 -0.112686 -0.105159 -0.073369 0.035045 0.991126
1305032385.166295 0.251089 -0.488871 -0.126801 -0.093859 -0.069735 0.039786 0.992343
1305032385.198298 0.259080 -0.467677 -0.139206 -0.085966 -0.063467 0.045770 0.993220
1305032385.230529 0.263466 -0.461799 -0.146897 -0.079509 -0.058552 0.048132 0.993948
1305032385.266354 0.277367 -0.444399 -0.154452 -0.067734 -0.056349 0.047024 0.995000
1305032385.298337 0.282252 -0.422055 -0.166621 -0.057924 -0.049680 0.044635 0.996085
1305032385.330400 0.285334 -0.406968 -0.172455 -0.051766 -0.045638 0.040853 0.996779
1305032385.366405 0.293917 -0.393122 -0.181252 -0.044655 -0.043488 0.034624 0.997455
1305032385.398286 0.284046 -0.377275 -0.195526 -0.033126 -0.041541 0.027896 0.998198
1305032385.430290 0.307432 -0.370572 -0.196888 -0.023284 -0.044513 0.019457 0.998548
1305032385.466253 0.319303 -0.332171 -0.195478 -0.012651 -0.047951 0.016464 0.998634
1305032385.498209 0.313631 -0.344164 -0.196010 -0.004595 -0.050436 0.008165 0.998683
1305032385.530304 0.330144 -0.336668 -0.201057 0.011685 -0.056625 0.004932 0.998315
1305032385.566282 0.340597 -0.298697 -0.188937 0.025159 -0.064300 0.001450 0.997612
1305032385.598292 0.340272 -0.273604 -0.186592 0.029608 -0.068722 -0.000282 0.997196
1305032385.630323 0.346498 -0.252797 -0.182007 0.029587 -0.072868 0.000710 0.996902
1305032385.666392 0.342144 -0.247265 -0.177805 0.031027 -0.079704 0.005084 0.996323
1305032385.698221 0.355173 -0.205784 -0.162807 0.037612 -0.089055 0.012729 0.995235
1305032385.730305 0.347656 -0.197438 -0.163296 0.035055 -0.093890 0.019956 0.994765
1305032385.766216 0.343756 -0.195263 -0.162786 0.034941 -0.099616 0.027988 0.994018
1305032385.830307 0.329767 -0.183064 -0.163142 0.031025 -0.097169 0.055870 0.993214
1305032385.866318 0.368781 -0.145112 -0.147020 0.042507 -0.102388 0.069802 0.991382
1305032385.930288 0.362215 -0.121957 -0.144021 0.052787 -0.101349 0.097506 0.988653
1305032385.966310 0.382507 -0.091293 -0.137626 0.059233 -0.103869 0.106089 0.987141
1305032385.998400 0.394851 -0.070006 -0.123130 0.065587 -0.104855 0.112165 0.985963
1305032386.030330 0.391152 -0.062282 -0.128838 0.071460 -0.101339 0.119840 0.985019
1305032386.066256 0.389640 -0.040734 -0.123599 0.073542 -0.099963 0.131566 0.983509
1305032386.130381 0.384207 -0.003610 -0.100229 0.080073 -0.106687 0.148171 0.979924
1305032386.166258 0.392039 0.002408 -0.089612 0.078967 -0.114814 0.151534 0.978580
1305032386.230319 0.391885 0.016554 -0.064046 0.069709 -0.136628 0.160981 0.974966
1305032386.266337 0.380281 0.008301 -0.064634 0.063307 -0.148139 0.161379 0.973655
1305032386.330294 0.386768 0.037601 -0.041745 0.052851 -0.170564 0.162233 0.970461
1305032386.366261 0.388281 0.044146 -0.033033 0.043517 -0.186906 0.155632 0.968995
1305032386.430384 0.391829 0.031273 -0.030705 0.020600 -0.208624 0.140894 0.967575
1305032386.466238 0.395449 0.030546 -0.022993 0.013562 -0.222316 0.128161 0.966419
1305032386.498351 0.400556 0.013322 -0.025011 0.005109 -0.230383 0.117911 0.965916
1305032386.530449 0.396498 -0.002780 -0.018640 0.002238 -0.242298 0.108575 0.964105
1305032386.566270 0.404324 -0.017299 -0.006586 -0.000802 -0.254054 0.095847 0.962429
1305032386.598281 0.403849 -0.038264 -0.010055 -0.006568 -0.262086 0.086297 0.961156
1305032386.630302 0.411924 -0.054267 0.005909 -0.009027 -0.273191 0.078344 0.958722
1305032386.666363 0.418708 -0.079228 0.014771 -0.009978 -0.278992 0.070503 0.957650
1305032386.698268 0.434709 -0.073933 0.026527 -0.010286 -0.285137 0.064938 0.956229
1305032386.730306 0.437680 -0.094048 0.019553 -0.016150 -0.289328 0.057234 0.955381
1305032386.766239 0.448595 -0.100680 0.024537 -0.023444 -0.294160 0.047445 0.954290
1305032386.798231 0.443911 -0.090661 0.032173 -0.028319 -0.296657 0.039769 0.953735
1305032386.830304 0.457835 -0.120022 0.027928 -0.042242 -0.300408 0.027715 0.952472
1305032386.866257 0.477276 -0.116997 0.046536 -0.054023 -0.305435 0.016028 0.950544
1305032386.930353 0.452087 -0.160391 0.010849 -0.094110 -0.300119 -0.001409 0.949247
1305032386.966319 0.485326 -0.154773 0.038015 -0.109699 -0.306516 -0.014066 0.945419
1305032387.030343 0.489114 -0.207506 0.038696 -0.152735 -0.304274 -0.026032 0.939900
1305032387.066271 0.510209 -0.236850 0.053729 -0.164697 -0.309141 -0.033020 0.936064
1305032387.130350 0.530735 -0.263948 0.058652 -0.173234 -0.313516 -0.051414 0.932231
1305032387.166222 0.533287 -0.295865 0.067250 -0.187217 -0.312618 -0.070901 0.928543
1305032387.198268 0.545692 -0.316086 0.078078 -0.194241 -0.311453 -0.080202 0.926734
1305032387.230283 0.551839 -0.337639 0.081343 -0.197112 -0.306801 -0.088444 0.926929
1305032387.298368 0.593321 -0.396582 0.119250 -0.205681 -0.310305 -0.109455 0.921643
1305032387.330577 0.576887 -0.398278 0.105459 -0.208966 -0.299780 -0.122408 0.922757
1305032387.366220 0.583509 -0.410829 0.100830 -0.217800 -0.295860 -0.131143 0.920778
1305032387.398271 0.590570 -0.431477 0.111656 -0.224834 -0.296090 -0.139720 0.917746
1305032387.430273 0.595116 -0.450501 0.116359 -0.229013 -0.295419 -0.145242 0.916070
1305032387.466265 0.597845 -0.462840 0.125870 -0.237925 -0.296839 -0.153066 0.912058
1305032387.498285 0.600846 -0.478597 0.132859 -0.243229 -0.295959 -0.161680 0.909454
1305032387.530295 0.601827 -0.495680 0.140881 -0.244592 -0.298363 -0.168635 0.907037
1305032387.598263 0.600594 -0.517899 0.157569 -0.249962 -0.310027 -0.184729 0.898486
1305032387.630372 0.601023 -0.530342 0.165376 -0.250766 -0.318389 -0.195263 0.893094
1305032387.666258 0.601987 -0.549052 0.172886 -0.253124 -0.328533 -0.206753 0.886142
1305032387.730288 0.596492 -0.575994 0.189089 -0.259943 -0.344224 -0.221360 0.874608
1305032387.766251 0.594139 -0.584129 0.200277 -0.267883 -0.351125 -0.228634 0.867570
1305032387.830291 0.599302 -0.604908 0.217886 -0.288193 -0.359566 -0.245240 0.852945
1305032387.866424 0.590108 -0.608681 0.230204 -0.298016 -0.361510 -0.247935 0.847954
1305032387.898274 0.586109 -0.622095 0.247819 -0.312723 -0.361930 -0.243541 0.843741
1305032387.930296 0.588187 -0.629931 0.247359 -0.327020 -0.360574 -0.240432 0.839784
1305032387.998271 0.579937 -0.649711 0.271507 -0.342586 -0.364814 -0.247261 0.829704
1305032388.030284 0.582151 -0.656447 0.282654 -0.341299 -0.366612 -0.254001 0.827402
1305032388.066278 0.583687 -0.667462 0.298809 -0.343957 -0.370233 -0.261540 0.822324
1305032388.098203 0.577878 -0.680673 0.311442 -0.342355 -0.371791 -0.266057 0.820840
1305032388.130279 0.572838 -0.688138 0.316496 -0.340519 -0.375214 -0.267482 0.819582
1305032388.166206 0.568970 -0.698237 0.327495 -0.337509 -0.380635 -0.267695 0.818257
1305032388.198299 0.567473 -0.712435 0.339280 -0.335413 -0.385549 -0.266788 0.817113
1305032388.230288 0.571118 -0.721723 0.340499 -0.333502 -0.387678 -0.265110 0.817434
1305032388.266264 0.569673 -0.734402 0.348742 -0.334615 -0.390151 -0.262491 0.816648
1305032388.298267 0.567586 -0.741865 0.364762 -0.337816 -0.393795 -0.258084 0.814984
1305032388.330289 0.564621 -0.753521 0.371969 -0.337757 -0.395553 -0.253386 0.815631
1305032388.366200 0.561323 -0.764892 0.384734 -0.337239 -0.399276 -0.247599 0.815808
1305032388.398324 0.561847 -0.773913 0.392983 -0.336917 -0.401494 -0.241868 0.816572
1305032388.430353 0.559915 -0.779474 0.401979 -0.336639 -0.403183 -0.235753 0.817642
1305032388.466360 0.559152 -0.787908 0.411857 -0.335206 -0.405063 -0.232720 0.818170
1305032388.498314 0.557406 -0.796333 0.423840 -0.332242 -0.409025 -0.232219 0.817550
1305032388.530317 0.553382 -0.803868 0.432342 -0.327944 -0.413639 -0.232242 0.816957
1305032388.566433 0.546726 -0.806331 0.439208 -0.324349 -0.419924 -0.233530 0.814816
1305032388.598102 0.540250 -0.820472 0.446493 -0.323383 -0.425314 -0.236147 0.811644
1305032388.630638 0.538352 -0.821668 0.460310 -0.316872 -0.432463 -0.241594 0.808826
1305032388.666463 0.533754 -0.834746 0.467225 -0.314786 -0.436652 -0.248241 0.805370
1305032388.698276 0.524759 -0.848272 0.471289 -0.315620 -0.439270 -0.259720 0.799982
1305032388.730300 0.519282 -0.855306 0.473738 -0.317091 -0.441630 -0.270156 0.794627
1305032388.766466 0.502540 -0.865474 0.483217 -0.320187 -0.443470 -0.280070 0.788908
1305032388.798291 0.491472 -0.869228 0.490490 -0.321900 -0.446785 -0.286728 0.783933
1305032388.830274 0.479865 -0.877667 0.504339 -0.325761 -0.450409 -0.289991 0.779048
1305032388.866265 0.463306 -0.871742 0.513927 -0.324830 -0.454953 -0.290548 0.776586
1305032388.898315 0.453216 -0.878673 0.519800 -0.323718 -0.459479 -0.292390 0.773688
1305032388.966222 0.441053 -0.878079 0.531973 -0.319514 -0.469991 -0.295576 0.767890
1305032388.998435 0.431744 -0.882155 0.541588 -0.319287 -0.474471 -0.293633 0.765972
1305032389.030354 0.419844 -0.890720 0.548153 -0.319575 -0.479287 -0.294434 0.762538
1305032389.066283 0.418074 -0.886409 0.554979 -0.316486 -0.487051 -0.296850 0.757956
1305032389.098475 0.409890 -0.888906 0.558384 -0.311647 -0.493068 -0.302630 0.753774
1305032389.130339 0.401474 -0.893576 0.567612 -0.310220 -0.497450 -0.306199 0.750033
1305032389.166249 0.402429 -0.895682 0.573744 -0.308391 -0.502493 -0.310469 0.745657
1305032389.198192 0.390149 -0.887163 0.576997 -0.302671 -0.506966 -0.313502 0.743701
1305032389.230352 0.387109 -0.887830 0.580804 -0.297422 -0.511331 -0.317585 0.741094
1305032389.266261 0.387635 -0.887149 0.579754 -0.293488 -0.516944 -0.320545 0.737485
1305032389.298468 0.388892 -0.884466 0.583172 -0.289350 -0.524556 -0.323684 0.732357
1305032389.330364 0.388722 -0.881195 0.587655 -0.286120 -0.530284 -0.324781 0.729007
1305032389.366289 0.394751 -0.881817 0.589848 -0.285150 -0.533907 -0.326094 0.726151
1305032389.398221 0.400127 -0.880657 0.596773 -0.286459 -0.537283 -0.327367 0.722564
1305032389.430273 0.400779 -0.874819 0.605441 -0.285536 -0.541820 -0.327773 0.719350
1305032389.466345 0.401765 -0.871442 0.611064 -0.283440 -0.546283 -0.325937 0.717636
1305032389.498274 0.406459 -0.869096 0.611990 -0.283207 -0.549490 -0.325786 0.715345
1305032389.530390 0.413233 -0.867095 0.617360 -0.283606 -0.552049 -0.327156 0.712585
1305032389.566312 0.416768 -0.863371 0.627798 -0.283112 -0.553709 -0.327124 0.711508
1305032389.598318 0.424699 -0.857866 0.628690 -0.281485 -0.556187 -0.327217 0.710177
1305032389.630446 0.429963 -0.858863 0.636081 -0.283100 -0.559464 -0.326834 0.707131
1305032389.666311 0.428658 -0.853757 0.641365 -0.283343 -0.560459 -0.324188 0.707463
1305032389.698354 0.429430 -0.841085 0.645584 -0.279336 -0.561891 -0.318493 0.710501
1305032389.730325 0.439210 -0.835439 0.648432 -0.276287 -0.564378 -0.313786 0.711815
1305032389.766305 0.445688 -0.833839 0.656526 -0.274133 -0.566780 -0.310012 0.712393
1305032389.798350 0.447881 -0.829044 0.662140 -0.270312 -0.568216 -0.303938 0.715321
1305032389.830333 0.454756 -0.821082 0.662070 -0.266108 -0.569674 -0.294936 0.719493
1305032389.866297 0.464952 -0.816944 0.670021 -0.263454 -0.571797 -0.287528 0.721781
1305032389.898298 0.458630 -0.816873 0.673839 -0.257350 -0.573736 -0.283074 0.724201
1305032389.930390 0.468111 -0.804533 0.673014 -0.243726 -0.581972 -0.277571 0.724473
1305032389.966584 0.474206 -0.792614 0.673119 -0.230544 -0.590987 -0.270370 0.724213
1305032389.998160 0.477812 -0.781324 0.675420 -0.219611 -0.599971 -0.262249 0.723209
1305032390.030360 0.482721 -0.775013 0.675216 -0.205607 -0.610540 -0.256808 0.720428
1305032390.066362 0.486450 -0.774366 0.684142 -0.198301 -0.617781 -0.251326 0.718233
1305032390.098296 0.499883 -0.767933 0.676008 -0.192640 -0.618753 -0.246842 0.720489
1305032390.130365 0.498158 -0.749579 0.678443 -0.185755 -0.621131 -0.240449 0.722409
1305032390.166283 0.499067 -0.741724 0.685753 -0.180470 -0.623791 -0.231612 0.724342
1305032390.198282 0.504818 -0.737292 0.681391 -0.176181 -0.624389 -0.226155 0.726603
1305032390.230411 0.506676 -0.716321 0.678642 -0.166938 -0.624718 -0.219235 0.730613
1305032390.266217 0.509560 -0.703010 0.679250 -0.159205 -0.624808 -0.207890 0.735561
1305032390.298276 0.514192 -0.697082 0.679002 -0.154394 -0.624898 -0.198985 0.738965
1305032390.330278 0.516329 -0.684152 0.676705 -0.149015 -0.623598 -0.187734 0.744095
1305032390.366126 0.521392 -0.677619 0.675332 -0.147660 -0.623428 -0.177292 0.747062
1305032390.398300 0.524419 -0.665262 0.679163 -0.143608 -0.625972 -0.166531 0.748200
1305032390.430297 0.524864 -0.662055 0.684360 -0.139770 -0.628936 -0.157907 0.748311
1305032390.466247 0.528574 -0.651459 0.689828 -0.134166 -0.631450 -0.149917 0.748862
1305032390.498379 0.524382 -0.651815 0.677190 -0.132912 -0.630807 -0.144203 0.750748
1305032390.566260 0.534388 -0.628109 0.692306 -0.122055 -0.635943 -0.125583 0.751604
1305032390.598269 0.535423 -0.616183 0.690028 -0.117717 -0.636429 -0.116112 0.753405
1305032390.630354 0.534069 -0.608827 0.698097 -0.113461 -0.637412 -0.106976 0.754578
1305032390.666360 0.536699 -0.606767 0.687923 -0.107795 -0.634631 -0.098882 0.758845
1305032390.698339 0.536355 -0.609590 0.691451 -0.104615 -0.634876 -0.093956 0.759711
1305032390.730324 0.539425 -0.605691 0.695281 -0.102980 -0.635813 -0.088497 0.759806
1305032390.766286 0.544520 -0.596440 0.696383 -0.102080 -0.635414 -0.083195 0.760859
1305032390.798308 0.550655 -0.592985 0.699884 -0.104152 -0.635518 -0.080009 0.760833
1305032390.830359 0.550430 -0.575398 0.703215 -0.104156 -0.635594 -0.076405 0.761140
1305032390.866336 0.555293 -0.563764 0.714684 -0.103008 -0.637724 -0.070798 0.760056
1305032390.898311 0.557776 -0.559251 0.721469 -0.103561 -0.639060 -0.066757 0.759224
1305032390.930353 0.562366 -0.535232 0.734310 -0.099541 -0.641325 -0.061288 0.758312
1305032390.966292 0.559771 -0.540735 0.743467 -0.096536 -0.643556 -0.057048 0.757140
1305032390.998365 0.556715 -0.520788 0.761515 -0.086330 -0.649135 -0.048647 0.754191
1305032391.030566 0.567658 -0.501749 0.759979 -0.081174 -0.651642 -0.044502 0.752857
1305032391.066281 0.571187 -0.489402 0.754042 -0.081482 -0.650385 -0.042221 0.754041
1305032391.098310 0.567293 -0.476643 0.772061 -0.083534 -0.653495 -0.037314 0.751382
1305032391.130361 0.562742 -0.459994 0.783347 -0.078565 -0.657843 -0.031704 0.748375
1305032391.166263 0.567148 -0.453898 0.783458 -0.075594 -0.659826 -0.027642 0.747095
1305032391.198275 0.572520 -0.437665 0.786819 -0.074887 -0.660436 -0.022743 0.746792
1305032391.230301 0.573145 -0.419187 0.793086 -0.075135 -0.661685 -0.015245 0.745852
1305032391.266335 0.570882 -0.402246 0.792125 -0.074181 -0.662698 -0.008442 0.745156
1305032391.298278 0.575912 -0.399705 0.806822 -0.076449 -0.665538 -0.004895 0.742422
1305032391.330276 0.574482 -0.378687 0.806039 -0.077786 -0.667013 0.002217 0.740971
1305032391.366253 0.574678 -0.369653 0.802142 -0.080741 -0.667349 0.008609 0.740306
1305032391.398298 0.577926 -0.365528 0.818590 -0.084681 -0.670612 0.012602 0.736852
1305032391.430307 0.577664 -0.352147 0.827521 -0.088277 -0.674123 0.017108 0.733125
1305032391.466196 0.583121 -0.361096 0.837672 -0.094986 -0.677184 0.019408 0.729399
1305032391.498122 0.586002 -0.347325 0.835499 -0.100071 -0.677305 0.023321 0.728491
1305032391.530302 0.574053 -0.303004 0.803262 -0.097729 -0.673053 0.031316 0.732440
1305032391.566367 0.572044 -0.303937 0.805347 -0.102427 -0.673511 0.039001 0.731007
1305032391.598147 0.579050 -0.301048 0.831858 -0.107692 -0.677470 0.044132 0.726285
1305032391.630273 0.577123 -0.289835 0.827585 -0.111153 -0.677740 0.048813 0.725211
1305032391.666362 0.571502 -0.260956 0.840939 -0.111968 -0.681645 0.054709 0.720992
1305032391.698346 0.568887 -0.261775 0.834950 -0.118562 -0.683644 0.057558 0.717817
1305032391.730278 0.572108 -0.259454 0.833218 -0.124223 -0.685910 0.055476 0.714855
1305032391.766303 0.567975 -0.241105 0.826217 -0.124489 -0.686214 0.053771 0.714648
1305032391.798157 0.571666 -0.251324 0.815070 -0.131276 -0.683944 0.054016 0.715590
1305032391.830252 0.569873 -0.245186 0.807902 -0.137616 -0.679464 0.052695 0.718759
1305032391.866276 0.565501 -0.226097 0.799663 -0.137657 -0.674398 0.053046 0.723480
1305032391.898229 0.562852 -0.215432 0.792931 -0.136579 -0.670837 0.056077 0.726760
1305032391.930429 0.565970 -0.234388 0.808605 -0.141977 -0.670506 0.054406 0.726157
1305032391.966414 0.555115 -0.229068 0.813518 -0.142018 -0.671160 0.050646 0.725817
