# TF Coordinate Frame ID: openni_rgb_optical_frame(data: openni_rgb_optical_frame)
1305032353.993165 -0.028158 -0.114705 -0.260166 0.029900 0.114470 0.006435 0.992956
1305032354.057249 -0.023579 -0.126585 -0.254116 0.007248 0.108735 -0.006462 0.994023
1305032354.093194 -0.020575 -0.136584 -0.256491 -0.002002 0.106140 -0.006014 0.994331
1305032354.125261 -0.030652 -0.127331 -0.255998 -0.014208 0.108716 -0.009017 0.993930
1305032354.157308 -0.034083 -0.130171 -0.261813 -0.029685 0.112447 -0.006851 0.993191
1305032354.193245 -0.030558 -0.159913 -0.262650 -0.046935 0.113132 0.003181 0.992466
1305032354.225326 -0.038318 -0.158442 -0.262854 -0.059194 0.117222 0.003122 0.991335
1305032354.257317 -0.024257 -0.196937 -0.265615 -0.078396 0.116569 0.009572 0.990037
1305032354.293299 -0.016552 -0.258717 -0.264690 -0.093942 0.116756 0.010874 0.988648
1305032354.325326 -0.007687 -0.274876 -0.265451 -0.099064 0.114686 0.007545 0.988421
1305032354.357420 -0.009286 -0.292751 -0.263707 -0.105219 0.114210 0.002035 0.987867
1305032354.394078 -0.010213 -0.326079 -0.263836 -0.112454 0.114168 -0.002667 0.987073
1305032354.457427 -0.014364 -0.353575 -0.276508 -0.123502 0.112635 -0.012210 0.985856
1305032354.493265 -0.022252 -0.356511 -0.272967 -0.132125 0.113438 -0.016701 0.984579
1305032354.525430 -0.027088 -0.385991 -0.274622 -0.145487 0.117312 -0.014010 0.982281
1305032354.557471 -0.032244 -0.390198 -0.280459 -0.159303 0.122626 -0.009632 0.979537
1305032354.593446 -0.023658 -0.419040 -0.282881 -0.177617 0.124138 -0.000693 0.976238
1305032354.625455 -0.026011 -0.443751 -0.285299 -0.191084 0.127692 0.010386 0.973177
1305032354.657511 -0.021387 -0.442812 -0.279873 -0.200318 0.129315 0.017071 0.971009
1305032354.693491 -0.021760 -0.459785 -0.282914 -0.210209 0.128471 0.024061 0.968880
1305032354.725481 -0.016847 -0.464047 -0.281150 -0.219764 0.124048 0.026858 0.967261
1305032354.757506 -0.013737 -0.483589 -0.276995 -0.231767 0.118416 0.026560 0.965172
1305032354.793541 -0.012122 -0.495818 -0.268633 -0.238322 0.113318 0.022669 0.964286
1305032354.825638 -0.008668 -0.506014 -0.263620 -0.243071 0.107932 0.017826 0.963820
1305032354.857806 -0.004350 -0.523157 -0.271755 -0.249782 0.103257 0.013562 0.962685
1305032354.893584 -0.002033 -0.537528 -0.268994 -0.257505 0.098669 0.008777 0.961186
1305032354.925606 0.001112 -0.554875 -0.267618 -0.264605 0.090279 0.001913 0.960120
1305032354.957696 0.005351 -0.569802 -0.269524 -0.277704 0.084015 -0.003979 0.956978
1305032354.993644 0.009051 -0.580903 -0.267402 -0.282411 0.078564 -0.013766 0.955972
1305032355.025740 0.013235 -0.592205 -0.267519 -0.295250 0.071787 -0.021553 0.952475
1305032355.057739 0.016423 -0.606042 -0.259665 -0.309522 0.063958 -0.035364 0.948080
1305032355.093693 0.014452 -0.621346 -0.259033 -0.317449 0.054814 -0.047206 0.945512
1305032355.126036 0.024140 -0.644235 -0.253499 -0.325792 0.039825 -0.059063 0.942754
1305032355.157776 0.027038 -0.652859 -0.250246 -0.334882 0.024955 -0.067045 0.939540
1305032355.193731 0.022953 -0.661253 -0.243189 -0.347300 0.011978 -0.073188 0.934817
1305032355.226048 0.025534 -0.678806 -0.224037 -0.355467 -0.005110 -0.083766 0.930914
1305032355.258300 0.033963 -0.688535 -0.218055 -0.359661 -0.025252 -0.089238 0.928463
1305032355.293834 0.030185 -0.708491 -0.204513 -0.365332 -0.043577 -0.093231 0.925171
1305032355.325951 0.029034 -0.715787 -0.197603 -0.369297 -0.061510 -0.094645 0.922431
1305032355.357924 0.040109 -0.727442 -0.184774 -0.375052 -0.078534 -0.095799 0.918690
1305032355.393862 0.045306 -0.738944 -0.173630 -0.377320 -0.094954 -0.099332 0.915831
1305032355.426175 0.056969 -0.744044 -0.163619 -0.376788 -0.110507 -0.104597 0.913717
1305032355.458105 0.061393 -0.762847 -0.145002 -0.372786 -0.123966 -0.117904 0.912009
1305032355.493906 0.074400 -0.760190 -0.135448 -0.371586 -0.139883 -0.113478 0.910757
1305032355.526033 0.073669 -0.771491 -0.138855 -0.368100 -0.150966 -0.117340 0.909914
1305032355.558083 0.085984 -0.775311 -0.129514 -0.365308 -0.164859 -0.116351 0.908754
1305032355.593965 0.098304 -0.781084 -0.122932 -0.362647 -0.176059 -0.117767 0.907536
1305032355.626009 0.123067 -0.776307 -0.101710 -0.360760 -0.187768 -0.117110 0.906025
1305032355.658217 0.129881 -0.792856 -0.093181 -0.355605 -0.190984 -0.120545 0.906939
1305032355.693969 0.145318 -0.803822 -0.084168 -0.354505 -0.198783 -0.115788 0.906314
1305032355.726186 0.163166 -0.803091 -0.077484 -0.350136 -0.207702 -0.112421 0.906436
1305032355.758127 0.188306 -0.808000 -0.066823 -0.340815 -0.213631 -0.111114 0.908769
1305032355.794028 0.190073 -0.836347 -0.099702 -0.341770 -0.203534 -0.109902 0.910873
1305032355.826208 0.244679 -0.811914 -0.054355 -0.334585 -0.215931 -0.115906 0.909941
1305032355.858151 0.253321 -0.828910 -0.026749 -0.313438 -0.213494 -0.121819 0.917244
1305032355.894072 0.263245 -0.861841 -0.029698 -0.301734 -0.211094 -0.129912 0.920608
1305032355.926240 0.263754 -0.870436 -0.082705 -0.293735 -0.205657 -0.137993 0.923246
1305032355.960142 0.258437 -0.883933 -0.127058 -0.301899 -0.192714 -0.132374 0.924227
1305032355.994102 0.261168 -0.887748 -0.146533 -0.310974 -0.184929 -0.125904 0.923712
1305032356.026405 0.263511 -0.875724 -0.129275 -0.321688 -0.193676 -0.118219 0.919255
1305032356.058305 0.273568 -0.897923 -0.105025 -0.328829 -0.208057 -0.112735 0.914262
1305032356.094166 0.298538 -0.898403 -0.085185 -0.323555 -0.218192 -0.100648 0.915191
1305032356.126384 0.312908 -0.891385 -0.088678 -0.328638 -0.228373 -0.095288 0.911462
1305032356.158192 0.341074 -0.905502 -0.085615 -0.333370 -0.237097 -0.104327 0.906513
1305032356.194205 0.354470 -0.893111 -0.076711 -0.329542 -0.242241 -0.109420 0.905952
1305032356.226397 0.357613 -0.880386 -0.030731 -0.309284 -0.271330 -0.131564 0.901895
1305032356.258136 0.351020 -0.895665 -0.023268 -0.290941 -0.282769 -0.145399 0.902360
1305032356.294287 0.348399 -0.909496 -0.053514 -0.277523 -0.280728 -0.147864 0.906813
1305032356.326174 0.365399 -0.887183 -0.039704 -0.281625 -0.291637 -0.142426 0.902967
1305032356.358126 0.364809 -0.860949 -0.046485 -0.286267 -0.286392 -0.124241 0.905867
1305032356.394266 0.373884 -0.830827 -0.035525 -0.277465 -0.297923 -0.112024 0.906480
1305032356.426275 0.378708 -0.826798 -0.044649 -0.258548 -0.300185 -0.104215 0.912239
1305032356.458392 0.398748 -0.813817 -0.044544 -0.253656 -0.297563 -0.097729 0.915185
1305032356.494313 0.393617 -0.820990 -0.018353 -0.224810 -0.315012 -0.110443 0.915440
1305032356.526317 0.431107 -0.822125 -0.010398 -0.211081 -0.312381 -0.117288 0.918753
1305032356.562184 0.435996 -0.819917 0.005844 -0.188192 -0.315249 -0.136520 0.920089
1305032356.594216 0.450755 -0.828264 0.003873 -0.180706 -0.309214 -0.148475 0.921785
1305032356.626255 0.466167 -0.865608 0.023483 -0.181393 -0.309014 -0.163725 0.919131
1305032356.662128 0.458928 -0.798305 -0.001197 -0.159722 -0.301761 -0.156064 0.926862
1305032356.694251 0.474605 -0.768101 -0.000135 -0.153008 -0.297917 -0.154315 0.929527
1305032356.727811 0.483193 -0.781070 0.015293 -0.142253 -0.296698 -0.154818 0.931540
1305032356.762124 0.486289 -0.760354 0.008813 -0.129743 -0.291946 -0.146512 0.936199
1305032356.794439 0.495160 -0.768372 0.010907 -0.125377 -0.290533 -0.140411 0.938166
1305032356.826332 0.498487 -0.735305 0.010534 -0.115319 -0.289942 -0.135492 0.940360
1305032356.862093 0.515179 -0.703127 0.012280 -0.093329 -0.294877 -0.122045 0.943102
1305032356.894157 0.523717 -0.680885 0.018094 -0.087236 -0.297656 -0.111693 0.944095
1305032356.926430 0.541247 -0.656049 0.026068 -0.085427 -0.302077 -0.103959 0.943739
1305032356.962104 0.537729 -0.630299 0.022958 -0.083301 -0.304283 -0.090250 0.944631
1305032356.994344 0.554302 -0.619470 0.032778 -0.084971 -0.310599 -0.077176 0.943585
1305032357.026198 0.560180 -0.613517 0.028937 -0.085624 -0.312749 -0.069131 0.943439
1305032357.062032 0.570386 -0.583273 0.042435 -0.081374 -0.319854 -0.057804 0.942194
1305032357.094119 0.564332 -0.566650 0.039449 -0.075299 -0.326044 -0.048182 0.941119
1305032357.126181 0.565662 -0.558398 0.045386 -0.072602 -0.335766 -0.036145 0.938448
1305032357.162138 0.583898 -0.544098 0.050100 -0.064892 -0.341511 -0.033721 0.937028
1305032357.194135 0.587691 -0.523450 0.053042 -0.064834 -0.346064 -0.032805 0.935393
1305032357.226208 0.578440 -0.528884 0.051160 -0.062653 -0.350736 -0.023702 0.934075
1305032357.262119 0.603660 -0.490126 0.065100 -0.047943 -0.357512 -0.013233 0.932583
1305032357.294359 0.605272 -0.464846 0.057414 -0.038773 -0.353245 -0.004778 0.934715
1305032357.326423 0.626704 -0.436683 0.070119 -0.030943 -0.355903 0.002120 0.934008
1305032357.362141 0.627911 -0.407870 0.062414 -0.023106 -0.355712 0.013939 0.934206
1305032357.394180 0.631757 -0.383196 0.058201 -0.018964 -0.354277 0.017180 0.934790
1305032357.426241 0.637538 -0.364651 0.055822 -0.022577 -0.351217 0.022548 0.935750
1305032357.462161 0.638989 -0.336797 0.052210 -0.023489 -0.350488 0.029391 0.935811
1305032357.494175 0.651923 -0.299161 0.058123 -0.026715 -0.351163 0.038757 0.935130
1305032357.526138 0.651903 -0.310119 0.045735 -0.038891 -0.347706 0.048890 0.935520
1305032357.562096 0.658948 -0.293213 0.045238 -0.042918 -0.345244 0.053801 0.935986
1305032357.594163 0.661717 -0.272812 0.039848 -0.045070 -0.343643 0.056175 0.936335
1305032357.626377 0.663727 -0.251146 0.036220 -0.048219 -0.342800 0.059500 0.936281
1305032357.662521 0.670430 -0.260379 0.031086 -0.057172 -0.338964 0.055904 0.937395
1305032357.694376 0.667278 -0.262235 0.019195 -0.065140 -0.334195 0.058472 0.938430
1305032357.726393 0.671545 -0.233177 0.020013 -0.064813 -0.329698 0.052898 0.940373
1305032357.762121 0.686526 -0.229757 0.015160 -0.072020 -0.325639 0.053009 0.941256
1305032357.794161 0.692373 -0.225148 0.019199 -0.073542 -0.319528 0.049321 0.943430
1305032357.826324 0.700656 -0.208712 0.018170 -0.074350 -0.315550 0.045051 0.944918
1305032357.862505 0.707235 -0.196647 0.015316 -0.078276 -0.308102 0.040308 0.947271
1305032357.894124 0.703890 -0.203064 0.008859 -0.082012 -0.298600 0.036522 0.950146
1305032357.926354 0.707097 -0.215853 -0.000131 -0.081549 -0.288451 0.036135 0.953331
1305032357.962026 0.705354 -0.209169 -0.002764 -0.077828 -0.282025 0.038735 0.955460
1305032357.994307 0.690897 -0.186429 -0.012018 -0.070354 -0.279306 0.035701 0.956956
1305032358.026118 0.695986 -0.172886 -0.004370 -0.062376 -0.277050 0.044003 0.957819
1305032358.062141 0.686606 -0.181665 -0.007041 -0.053265 -0.274406 0.051444 0.958759
1305032358.094314 0.676939 -0.165134 -0.010425 -0.042602 -0.271059 0.048931 0.960374
1305032358.126463 0.662113 -0.172053 -0.002812 -0.028850 -0.269973 0.054047 0.960917
1305032358.162196 0.658331 -0.170765 -0.003854 -0.015929 -0.272276 0.053386 0.960605
1305032358.194216 0.650767 -0.156435 -0.002651 -0.003974 -0.274247 0.054889 0.960083
1305032358.226169 0.636234 -0.149040 0.010952 0.011020 -0.277008 0.055501 0.959200
1305032358.262242 0.619896 -0.147614 0.000423 0.022610 -0.279103 0.061985 0.957992
1305032358.294169 0.621369 -0.120846 0.014084 0.030098 -0.284846 0.066826 0.955767
1305032358.326228 0.597956 -0.129100 0.017880 0.039752 -0.287115 0.070005 0.954507
1305032358.362036 0.593219 -0.129524 0.018693 0.044167 -0.292113 0.076191 0.952321
1305032358.394045 0.589645 -0.077805 0.029386 0.050093 -0.300773 0.081889 0.948852
1305032358.425953 0.578152 -0.085875 0.036060 0.051632 -0.309375 0.080778 0.946095
1305032358.462021 0.579152 -0.089277 0.040858 0.055234 -0.317933 0.081199 0.943014
1305032358.494091 0.596425 -0.038569 0.058059 0.055402 -0.322590 0.083600 0.941211
1305032358.526638 0.586067 -0.032004 0.050336 0.048893 -0.321557 0.084024 0.941887
1305032358.562103 0.589224 -0.020458 0.059883 0.047362 -0.321179 0.084579 0.942044
1305032358.594031 0.589991 -0.034260 0.053979 0.040852 -0.318521 0.087541 0.942980
1305032358.626292 0.597911 -0.024042 0.059831 0.037983 -0.319179 0.083941 0.943205
1305032358.661907 0.596074 -0.029022 0.056115 0.035518 -0.318605 0.082122 0.943655
1305032358.694080 0.597245 -0.037032 0.056682 0.033989 -0.319185 0.082411 0.943491
1305032358.726315 0.594579 -0.038027 0.054283 0.032894 -0.318923 0.083388 0.943532
1305032358.762028 0.604905 -0.064224 0.055235 0.032740 -0.322458 0.082859 0.942382
1305032358.794035 0.606214 -0.074538 0.059101 0.036129 -0.326633 0.080688 0.941007
1305032358.826156 0.614714 -0.064439 0.064024 0.041756 -0.335628 0.077860 0.937842
1305032358.862241 0.616389 -0.093157 0.053258 0.040782 -0.342252 0.076100 0.935633
1305032358.894464 0.613574 -0.100290 0.058830 0.048426 -0.344706 0.070699 0.934791
1305032358.926427 0.621665 -0.087563 0.061264 0.051524 -0.349755 0.065942 0.933096
1305032358.962241 0.612246 -0.136110 0.044840 0.041293 -0.352134 0.069839 0.932426
1305032358.994407 0.618396 -0.131043 0.042512 0.044810 -0.356108 0.055067 0.931744
1305032359.026158 0.648578 -0.131618 0.055961 0.037591 -0.364413 0.050672 0.929098
1305032359.062253 0.642052 -0.130393 0.039776 0.029262 -0.363058 0.039305 0.930477
1305032359.094092 0.670705 -0.146850 0.050058 0.019273 -0.367147 0.032382 0.929399
1305032359.126199 0.667363 -0.145738 0.043864 0.012375 -0.364295 0.024303 0.930884
1305032359.162210 0.675086 -0.148752 0.037791 0.004473 -0.360222 0.013429 0.932759
1305032359.194261 0.696128 -0.159049 0.038973 -0.005126 -0.360045 0.004082 0.932912
1305032359.226273 0.707498 -0.214480 0.026053 -0.023595 -0.353526 -0.008671 0.935087
1305032359.262098 0.720464 -0.245685 0.014820 -0.042973 -0.347425 -0.014277 0.936614
1305032359.294269 0.725279 -0.273677 0.007983 -0.061779 -0.339868 -0.023728 0.938142
1305032359.326149 0.730695 -0.287409 0.003054 -0.073997 -0.336123 -0.034648 0.938267
1305032359.362167 0.734270 -0.308565 -0.003074 -0.086849 -0.331522 -0.043963 0.938412
1305032359.394278 0.731751 -0.328679 -0.016865 -0.100045 -0.323976 -0.048658 0.939501
1305032359.426269 0.735262 -0.359555 -0.009520 -0.113873 -0.324233 -0.059038 0.937241
1305032359.462531 0.745411 -0.384210 -0.011967 -0.115132 -0.325798 -0.072980 0.935561
1305032359.494170 0.746252 -0.389156 -0.013637 -0.128295 -0.319949 -0.080484 0.935252
1305032359.526344 0.747479 -0.430795 -0.001527 -0.141610 -0.319104 -0.086557 0.933074
1305032359.561974 0.754869 -0.459031 0.010216 -0.147756 -0.312652 -0.086515 0.934308
1305032359.593965 0.756281 -0.484151 -0.008413 -0.162494 -0.310919 -0.094372 0.931676
1305032359.626579 0.750933 -0.503311 -0.002749 -0.172076 -0.313355 -0.101864 0.928344
1305032359.662143 0.753932 -0.511098 0.003749 -0.196788 -0.307198 -0.097105 0.925999
1305032359.694113 0.745335 -0.543708 0.009835 -0.207552 -0.310727 -0.103121 0.921812
1305032359.727003 0.750767 -0.554331 0.027044 -0.224672 -0.301475 -0.103657 0.920810
1305032359.762020 0.733433 -0.585953 0.030104 -0.219229 -0.317344 -0.113634 0.915597
1305032359.794035 0.728574 -0.612469 0.034260 -0.214690 -0.324628 -0.123327 0.912861
1305032359.826141 0.728619 -0.625351 0.049591 -0.230332 -0.321981 -0.127670 0.909382
1305032359.861990 0.723240 -0.641937 0.050710 -0.234714 -0.324038 -0.134044 0.906609
1305032359.894154 0.719229 -0.658539 0.067408 -0.248767 -0.324730 -0.138667 0.901908
1305032359.926260 0.715160 -0.677083 0.070107 -0.251863 -0.331748 -0.148859 0.896855
1305032359.962016 0.705170 -0.692163 0.073649 -0.253474 -0.338971 -0.160590 0.891661
1305032359.994161 0.695218 -0.716316 0.095197 -0.267549 -0.340115 -0.168062 0.885717
1305032360.026214 0.691038 -0.729234 0.096198 -0.280180 -0.343889 -0.181054 0.877758
1305032360.062208 0.682909 -0.738247 0.111732 -0.295734 -0.348836 -0.191522 0.868432
1305032360.094178 0.676690 -0.754889 0.127726 -0.305841 -0.353713 -0.202986 0.860317
1305032360.126153 0.671018 -0.762030 0.139418 -0.317678 -0.361805 -0.214556 0.849790
1305032360.162096 0.659937 -0.765927 0.166339 -0.330956 -0.371084 -0.221620 0.838838
1305032360.194272 0.646139 -0.768277 0.193964 -0.340723 -0.383048 -0.232282 0.826576
1305032360.226425 0.634359 -0.777690 0.216057 -0.346950 -0.392768 -0.242511 0.816424
1305032360.262218 0.615212 -0.785759 0.245996 -0.354875 -0.404025 -0.250099 0.805157
1305032360.294155 0.593149 -0.789379 0.268806 -0.354247 -0.419010 -0.257086 0.795517
1305032360.326447 0.572801 -0.800113 0.303837 -0.355489 -0.433567 -0.262944 0.785181
1305032360.362033 0.553380 -0.807010 0.328768 -0.346827 -0.447889 -0.271600 0.778036
1305032360.394240 0.552006 -0.816081 0.336366 -0.341930 -0.462344 -0.276515 0.769975
1305032360.426246 0.538329 -0.825316 0.360283 -0.344525 -0.474767 -0.285191 0.758000
1305032360.462086 0.520187 -0.831432 0.378978 -0.345100 -0.481722 -0.293039 0.750319
1305032360.494117 0.501966 -0.840998 0.392641 -0.337968 -0.488183 -0.304635 0.744750
1305032360.526058 0.494521 -0.847348 0.417594 -0.337312 -0.494195 -0.309311 0.739134
1305032360.562042 0.462661 -0.865256 0.427592 -0.339705 -0.498146 -0.314833 0.733029
1305032360.594303 0.458398 -0.858518 0.430492 -0.328127 -0.505019 -0.323818 0.729678
1305032360.626168 0.427937 -0.869982 0.443575 -0.324631 -0.510411 -0.327114 0.726011
1305032360.662151 0.413853 -0.865987 0.445626 -0.309852 -0.520978 -0.331388 0.723019
1305032360.694073 0.399106 -0.867080 0.468865 -0.296784 -0.532794 -0.334401 0.718489
1305032360.726267 0.378033 -0.865218 0.461036 -0.275481 -0.540691 -0.339708 0.718583
1305032360.762184 0.370094 -0.863991 0.468714 -0.260205 -0.552614 -0.336093 0.716905
1305032360.794210 0.348129 -0.863528 0.464439 -0.252636 -0.559609 -0.329033 0.717461
1305032360.826192 0.328748 -0.874588 0.465892 -0.249184 -0.566863 -0.320642 0.716772
1305032360.862084 0.306810 -0.907016 0.472853 -0.252782 -0.573777 -0.313156 0.713312
1305032360.894309 0.312573 -0.911899 0.496488 -0.250232 -0.582226 -0.315169 0.706446
1305032360.926229 0.306589 -0.905112 0.498259 -0.247783 -0.587081 -0.321456 0.700433
1305032360.962184 0.289079 -0.894346 0.502060 -0.243333 -0.593654 -0.323225 0.695621
1305032360.994081 0.273965 -0.904774 0.488266 -0.241163 -0.598118 -0.324951 0.691738
1305032361.026412 0.270633 -0.919263 0.488045 -0.249842 -0.602899 -0.323134 0.685329
1305032361.062613 0.249663 -0.933980 0.495188 -0.255507 -0.603948 -0.333430 0.677338
1305032361.094085 0.254537 -0.902821 0.501580 -0.252342 -0.612719 -0.335250 0.669706
1305032361.126224 0.241388 -0.885763 0.521300 -0.248316 -0.623506 -0.328411 0.664625
1305032361.162028 0.244791 -0.855784 0.539568 -0.234143 -0.637251 -0.322234 0.659737
1305032361.194805 0.234206 -0.849796 0.539730 -0.219420 -0.647007 -0.318899 0.656918
1305032361.226328 0.238883 -0.832676 0.529550 -0.202099 -0.653845 -0.312436 0.658807
1305032361.262093 0.240730 -0.838602 0.540841 -0.191294 -0.663458 -0.307097 0.654921
1305032361.294099 0.248376 -0.832263 0.542567 -0.183243 -0.672710 -0.301527 0.650357
1305032361.326219 0.247899 -0.852952 0.536526 -0.183249 -0.676387 -0.302333 0.646155
1305032361.362098 0.255773 -0.850753 0.530764 -0.183395 -0.679405 -0.302944 0.642651
1305032361.394120 0.273536 -0.827969 0.544464 -0.174039 -0.691188 -0.299596 0.634202
1305032361.426392 0.281483 -0.830996 0.544376 -0.173482 -0.694075 -0.301718 0.630182
1305032361.462374 0.299441 -0.802587 0.576682 -0.164816 -0.701507 -0.297491 0.626277
1305032361.494238 0.311551 -0.793747 0.581651 -0.161544 -0.703718 -0.297721 0.624537
1305032361.526056 0.325533 -0.781956 0.620867 -0.155992 -0.713661 -0.294711 0.616036
1305032361.562110 0.341373 -0.756303 0.642750 -0.142425 -0.723223 -0.284721 0.612861
1305032361.594263 0.360237 -0.740733 0.658062 -0.128415 -0.729631 -0.278709 0.611121
1305032361.626125 0.373581 -0.733401 0.668142 -0.118017 -0.733161 -0.274105 0.611075
1305032361.662057 0.378642 -0.723996 0.690581 -0.107657 -0.737398 -0.264473 0.612134
1305032361.694201 0.400646 -0.706096 0.707808 -0.094147 -0.740053 -0.252294 0.616284
1305032361.726243 0.428360 -0.693026 0.713676 -0.084710 -0.739933 -0.237588 0.623598
1305032361.762065 0.415483 -0.745740 0.645565 -0.091554 -0.726567 -0.240335 0.637148
1305032361.793966 0.426825 -0.748618 0.645754 -0.098049 -0.717656 -0.230592 0.649757
1305032361.826451 0.431733 -0.758726 0.670177 -0.103877 -0.715330 -0.228470 0.652161
1305032361.862158 0.446534 -0.767620 0.676099 -0.113392 -0.705884 -0.226551 0.661472
1305032361.894163 0.453727 -0.750362 0.660185 -0.114803 -0.700672 -0.221838 0.668332
1305032361.926270 0.459602 -0.722763 0.680850 -0.118833 -0.699124 -0.214063 0.671775
1305032361.962071 0.470258 -0.664244 0.725570 -0.108330 -0.705249 -0.194552 0.673081
1305032361.994272 0.482317 -0.696836 0.678198 -0.119072 -0.699778 -0.188037 0.678804
1305032362.026445 0.484150 -0.685210 0.678011 -0.123819 -0.697797 -0.191920 0.678907
1305032362.062429 0.488436 -0.655320 0.690009 -0.131444 -0.695251 -0.178803 0.683651
1305032362.094264 0.490897 -0.643659 0.697888 -0.136676 -0.693530 -0.167825 0.687147
1305032362.126366 0.496316 -0.625622 0.717035 -0.138832 -0.694082 -0.156466 0.688836
1305032362.162089 0.506508 -0.597520 0.729813 -0.146436 -0.692259 -0.142143 0.692192
1305032362.194357 0.513032 -0.585716 0.751474 -0.147471 -0.697270 -0.136755 0.688015
1305032362.226182 0.512631 -0.575857 0.752112 -0.151517 -0.698055 -0.128720 0.687890
1305032362.262104 0.525105 -0.560135 0.771057 -0.151096 -0.700913 -0.126971 0.685397
1305032362.294204 0.532941 -0.527902 0.790818 -0.155601 -0.706064 -0.117513 0.680774
1305032362.326223 0.531817 -0.507285 0.804236 -0.155363 -0.710829 -0.111687 0.676839
1305032362.362125 0.540863 -0.490252 0.828993 -0.158121 -0.719998 -0.101134 0.668111
1305032362.396276 0.534516 -0.466131 0.830884 -0.154375 -0.725363 -0.099373 0.663432
1305032362.426284 0.531691 -0.440427 0.861501 -0.152008 -0.734309 -0.087956 0.655704
1305032362.462140 0.534493 -0.423450 0.864355 -0.147788 -0.739267 -0.082667 0.651774
1305032362.494238 0.540210 -0.399631 0.867606 -0.145881 -0.743323 -0.077491 0.648217
1305032362.526267 0.534653 -0.377277 0.880286 -0.144926 -0.748956 -0.071842 0.642573
1305032362.562001 0.535262 -0.364828 0.897944 -0.141411 -0.754162 -0.068748 0.637586
1305032362.594165 0.529117 -0.317783 0.902402 -0.135338 -0.757439 -0.055397 0.636318
1305032362.626096 0.539833 -0.359287 0.889839 -0.142549 -0.755925 -0.053440 0.636712
1305032362.662324 0.538015 -0.348722 0.882771 -0.149037 -0.757904 -0.049889 0.633151
1305032362.694131 0.532143 -0.338255 0.915372 -0.150498 -0.766097 -0.047348 0.623061
1305032362.726009 0.530087 -0.321342 0.910519 -0.155572 -0.767716 -0.044467 0.620026
1305032362.762257 0.526802 -0.291410 0.910175 -0.152767 -0.770529 -0.037687 0.617679
1305032362.794154 0.521809 -0.263467 0.892307 -0.151756 -0.769564 -0.030660 0.619517
1305032362.826077 0.517528 -0.255564 0.896183 -0.149478 -0.771446 -0.023285 0.618050
1305032362.862131 0.516034 -0.246674 0.899134 -0.148061 -0.772686 -0.016834 0.617050
1305032362.894197 0.513376 -0.231971 0.903938 -0.143516 -0.775473 -0.011301 0.614750
1305032362.926069 0.513912 -0.213395 0.897714 -0.135782 -0.777268 -0.005259 0.614321
1305032362.962141 0.506990 -0.196270 0.904045 -0.126283 -0.777943 -0.000010 0.615514
1305032362.994111 0.503721 -0.192173 0.900337 -0.120480 -0.777019 0.012995 0.617704
1305032363.026024 0.504193 -0.180567 0.901202 -0.108082 -0.777021 0.026480 0.619560
1305032363.061883 0.509342 -0.177664 0.901892 -0.100546 -0.772861 0.033091 0.625685
1305032363.094055 0.503925 -0.168066 0.899784 -0.096242 -0.769780 0.048620 0.629136
1305032363.126578 0.504273 -0.162200 0.897309 -0.086446 -0.768796 0.060758 0.630704
1305032363.162144 0.504281 -0.157765 0.895537 -0.078500 -0.766559 0.065441 0.633990
1305032363.194513 0.507655 -0.150897 0.887876 -0.074705 -0.764167 0.076811 0.636057
1305032363.226280 0.507282 -0.143131 0.887654 -0.072188 -0.763852 0.088597 0.635192
1305032363.263114 0.507105 -0.125070 0.891270 -0.068769 -0.764705 0.096016 0.633465
1305032363.294225 0.508367 -0.126792 0.885785 -0.062736 -0.764251 0.096902 0.634504
1305032363.326272 0.513830 -0.125335 0.876597 -0.059868 -0.761264 0.102176 0.637536
1305032363.361941 0.515415 -0.113077 0.880354 -0.057678 -0.757202 0.109291 0.641384
1305032363.394083 0.514823 -0.099544 0.875241 -0.054314 -0.753794 0.120510 0.643679
1305032363.426162 0.520579 -0.083288 0.873372 -0.053727 -0.752513 0.125090 0.644353
1305032363.462820 0.521983 -0.077489 0.877113 -0.054690 -0.751209 0.123563 0.646085
1305032363.494026 0.525261 -0.059225 0.884284 -0.056790 -0.750470 0.131735 0.645148
1305032363.526415 0.531308 -0.061783 0.879427 -0.063255 -0.748988 0.128192 0.646980
1305032363.562139 0.534722 -0.046495 0.890656 -0.072972 -0.749229 0.130040 0.645307
1305032363.594144 0.527596 -0.033108 0.892024 -0.078328 -0.749915 0.136688 0.642501
1305032363.626354 0.528722 -0.013624 0.893059 -0.079181 -0.751463 0.137941 0.640317
1305032363.662136 0.525794 -0.015389 0.898108 -0.086409 -0.753317 0.142462 0.636201
1305032363.694070 0.518800 0.001948 0.897655 -0.085971 -0.757047 0.146018 0.631005
1305032363.726086 0.518444 -0.007281 0.900782 -0.084877 -0.761527 0.144797 0.626025
1305032363.762284 0.516323 -0.008125 0.907819 -0.078215 -0.765481 0.145366 0.621925
1305032363.794030 0.510086 -0.015801 0.924358 -0.075895 -0.768379 0.152072 0.617015
1305032363.826380 0.509768 -0.010618 0.921439 -0.064115 -0.767416 0.153570 0.619176
1305032363.862068 0.507045 -0.014222 0.931161 -0.056658 -0.766935 0.162868 0.618121
1305032363.894033 0.507017 -0.006748 0.931164 -0.052153 -0.767162 0.173367 0.615374
1305032363.926407 0.505323 -0.001593 0.948201 -0.051150 -0.772598 0.173844 0.608485
1305032363.962119 0.503382 -0.010051 0.954071 -0.040653 -0.776408 0.170260 0.605433
1305032363.994050 0.506180 -0.015728 0.947073 -0.037546 -0.776833 0.173352 0.604210
1305032364.026025 0.504412 -0.026385 0.958166 -0.036400 -0.779669 0.170668 0.601385
1305032364.062120 0.499984 -0.050000 0.976948 -0.034806 -0.783833 0.169743 0.596306
1305032364.094057 0.506649 -0.052577 0.981754 -0.034584 -0.787267 0.173658 0.590641
1305032364.126909 0.499956 -0.052741 0.978645 -0.029911 -0.791517 0.167855 0.586882
1305032364.162092 0.494719 -0.065354 0.981530 -0.026249 -0.799863 0.163170 0.576981
1305032364.194217 0.496373 -0.074024 0.981152 -0.025505 -0.807674 0.153477 0.568734
1305032364.226629 0.494928 -0.077905 0.991418 -0.025959 -0.817695 0.138612 0.558111
1305032364.262242 0.492312 -0.093685 0.992654 -0.027318 -0.826818 0.127256 0.547203
1305032364.294072 0.497723 -0.114672 0.997724 -0.025832 -0.835219 0.114009 0.537350
1305032364.326102 0.497933 -0.127336 0.993096 -0.029333 -0.841778 0.100216 0.529628
1305032364.362134 0.491530 -0.127641 1.002139 -0.026697 -0.849327 0.083286 0.520572
1305032364.394077 0.485529 -0.157627 1.017498 -0.029741 -0.856830 0.060674 0.511152
1305032364.426015 0.480555 -0.158518 1.018957 -0.031510 -0.863081 0.043579 0.502195
1305032364.462091 0.466947 -0.163706 1.038359 0.028781 0.870889 -0.021997 -0.490144
1305032364.494035 0.461426 -0.200266 1.037501 0.027938 0.875356 0.004156 -0.482654
1305032364.526202 0.459553 -0.241042 1.035479 0.026072 0.877825 0.029115 -0.477385
1305032364.562323 0.454240 -0.271511 1.033651 0.024615 0.879387 0.050927 -0.472735
1305032364.594171 0.447423 -0.299464 1.036030 0.022045 0.879071 0.070778 -0.470890
1305032364.626031 0.441450 -0.309964 1.049922 0.014060 0.879004 0.083759 -0.469189
1305032364.662222 0.436288 -0.338550 1.051174 0.016880 0.879119 0.094047 -0.466925
1305032364.694036 0.423576 -0.382282 1.073670 0.006383 0.876716 0.114673 -0.467095
1305032364.726019 0.413036 -0.376963 1.081120 0.015212 0.876893 0.128164 -0.463035
1305032364.762093 0.398699 -0.401367 1.102405 0.014619 0.872696 0.147607 -0.465188
1305032364.793964 0.398173 -0.399450 1.092840 0.017457 0.872037 0.165213 -0.460382
1305032364.826005 0.394295 -0.392739 1.100187 0.013314 0.871537 0.170396 -0.459578
1305032364.862289 0.397755 -0.405807 1.084110 0.011095 0.872121 0.179215 -0.455152
1305032364.894665 0.370143 -0.451824 1.104468 0.009380 0.874592 0.192950 -0.444715
1305032364.926087 0.373950 -0.460720 1.093577 0.012220 0.873677 0.201499 -0.442649
1305032364.962073 0.368783 -0.454586 1.096948 0.014266 0.874838 0.207088 -0.437687
1305032364.994009 0.350186 -0.487082 1.089908 0.019364 0.875564 0.216463 -0.431459
1305032365.026354 0.340309 -0.516324 1.087461 0.019365 0.876542 0.224141 -0.425511
1305032365.062031 0.330252 -0.527225 1.089300 0.020398 0.877173 0.231096 -0.420412
1305032365.094068 0.317175 -0.535106 1.090279 0.018921 0.877252 0.239001 -0.415872
1305032365.126212 0.301706 -0.548270 1.097788 0.018053 0.877432 0.249219 -0.409485
1305032365.162014 0.291316 -0.563525 1.087295 0.016567 0.877030 0.261173 -0.402906
1305032365.194029 0.282298 -0.575827 1.087736 0.010980 0.877511 0.268920 -0.396908
1305032365.226143 0.271108 -0.587140 1.081023 0.003657 0.878123 0.276893 -0.390150
1305032365.262990 0.255206 -0.600080 1.083448 -0.000613 0.879677 0.283928 -0.381514
1305032365.294066 0.247642 -0.611624 1.082887 -0.002548 0.880442 0.291839 -0.373691
1305032365.326046 0.230190 -0.620887 1.078740 -0.004298 0.882038 0.297580 -0.365289
1305032365.362017 0.223853 -0.626147 1.077933 -0.011352 0.883392 0.300283 -0.359612
1305032365.394019 0.216230 -0.634704 1.085679 -0.013947 0.883958 0.306166 -0.353109
1305032365.426099 0.199979 -0.643266 1.079729 -0.014756 0.884867 0.312289 -0.345353
1305032365.462022 0.198586 -0.644179 1.073373 -0.018593 0.886546 0.313824 -0.339420
1305032365.494036 0.189540 -0.652738 1.072644 -0.017066 0.888641 0.317204 -0.330769
1305032365.526240 0.183548 -0.658458 1.070971 -0.017335 0.890366 0.317647 -0.325650
1305032365.562023 0.181839 -0.659855 1.064413 -0.019880 0.892862 0.317263 -0.318977
1305032365.594024 0.179053 -0.668532 1.063424 -0.021826 0.896693 0.315158 -0.310066
1305032365.626188 0.179860 -0.676471 1.058720 -0.025225 0.900073 0.313605 -0.301469
1305032365.662032 0.175024 -0.683136 1.062766 -0.027110 0.902249 0.314516 -0.293755
1305032365.694005 0.165089 -0.687742 1.060293 -0.027451 0.903525 0.316028 -0.288124
1305032365.726094 0.158226 -0.690140 1.055891 -0.027195 0.905756 0.315570 -0.281570
1305032365.762013 0.156823 -0.696036 1.048667 -0.031803 0.909984 0.310298 -0.273188
1305032365.794129 0.147113 -0.698703 1.056405 -0.031269 0.912536 0.306732 -0.268728
1305032365.826278 0.139711 -0.712612 1.049029 -0.030257 0.914157 0.305573 -0.264626
1305032365.862061 0.133943 -0.713072 1.045622 -0.030701 0.917233 0.299297 -0.261078
1305032365.894133 0.136780 -0.712894 1.039685 -0.027059 0.920371 0.291600 -0.259140
1305032365.930067 0.114271 -0.721964 1.044204 -0.023387 0.923354 0.285448 -0.255714
1305032365.962046 0.111653 -0.717507 1.041494 -0.015386 0.925819 0.277112 -0.256575
1305032365.994060 0.116781 -0.711028 1.031990 -0.009605 0.928575 0.265949 -0.258705
1305032366.030066 0.105005 -0.721810 1.028070 -0.003689 0.930671 0.262133 -0.255193
1305032366.062122 0.089580 -0.717082 1.035885 0.004282 0.933898 0.251869 -0.253729
1305032366.094052 0.085987 -0.751201 1.036111 0.007991 0.932454 0.256229 -0.254582
1305032366.130072 0.090452 -0.760419 1.035621 0.006502 0.928842 0.269369 -0.254265
1305032366.162008 0.074557 -0.742176 1.030727 -0.012022 0.928830 0.273958 -0.249152
1305032366.194013 0.065702 -0.760418 1.010754 -0.028126 0.927379 0.280406 -0.246067
1305032366.230053 0.079522 -0.766271 1.017517 -0.033271 0.924108 0.289208 -0.247541
1305032366.262058 0.075498 -0.775445 1.004221 -0.033068 0.923854 0.296678 -0.239546
1305032366.294059 0.070694 -0.782228 0.995588 -0.033064 0.924072 0.302386 -0.231433
1305032366.330143 0.059807 -0.789232 0.993880 -0.031157 0.922085 0.313730 -0.224416
1305032366.362039 0.056377 -0.797273 0.980041 -0.033975 0.920342 0.321891 -0.219549
1305032366.394005 0.056843 -0.797845 0.966260 -0.039314 0.920166 0.325598 -0.213857
1305032366.430032 0.057264 -0.797027 0.960005 -0.043379 0.918759 0.331856 -0.209458
1305032366.461993 0.048053 -0.803597 0.952297 -0.046805 0.917507 0.339218 -0.202293
1305032366.494101 0.046641 -0.805584 0.936196 -0.051523 0.917681 0.341680 -0.196116
1305032366.530048 0.047521 -0.804451 0.930348 -0.057695 0.918815 0.341993 -0.188391
1305032366.561989 0.043422 -0.804889 0.920049 -0.064779 0.920262 0.342975 -0.176890
1305032366.594003 0.040366 -0.796915 0.918128 -0.068099 0.922557 0.341972 -0.165249
1305032366.630014 0.040384 -0.798137 0.920148 -0.072805 0.923452 0.345067 -0.151214
1305032366.662972 0.036186 -0.799075 0.912146 -0.076696 0.923260 0.350361 -0.137683
1305032366.694106 0.035328 -0.790521 0.907936 -0.077861 0.923662 0.352390 -0.128871
1305032366.730115 0.040704 -0.784299 0.898201 -0.077993 0.925278 0.349971 -0.123680
1305032366.762112 0.032267 -0.779554 0.904673 -0.074753 0.927861 0.347742 -0.112075
1305032366.793956 0.032740 -0.774712 0.906254 -0.070957 0.929024 0.347737 -0.104688
1305032366.830030 0.033641 -0.772798 0.900274 -0.074407 0.930023 0.346693 -0.096567
1305032366.862172 0.027943 -0.771358 0.905711 -0.077799 0.931509 0.344169 -0.088234
1305032366.894254 0.029268 -0.766480 0.912615 -0.077775 0.932383 0.343483 -0.081444
1305032366.929969 0.022916 -0.761393 0.917325 -0.078171 0.932583 0.344412 -0.074555
1305032366.962015 0.024492 -0.762795 0.912801 -0.081080 0.933304 0.342408 -0.071606
1305032366.994018 0.016694 -0.764236 0.914427 -0.082833 0.936289 0.334890 -0.065962
1305032367.030022 0.015093 -0.762638 0.924145 -0.081281 0.939258 0.327136 -0.064566
1305032367.062114 0.009379 -0.762993 0.936864 -0.079066 0.942060 0.319659 -0.063949
1305032367.094130 0.006159 -0.758538 0.946501 -0.076893 0.944915 0.311394 -0.065242
1305032367.130285 -0.001882 -0.755645 0.956771 -0.074991 0.947651 0.303228 -0.066227
1305032367.162083 -0.008432 -0.749606 0.966607 -0.071894 0.950444 0.294261 -0.069983
1305032367.193961 -0.008192 -0.747954 0.981674 -0.070114 0.951942 0.287584 -0.078649
1305032367.230032 -0.016799 -0.746372 0.991322 -0.072523 0.953521 0.280347 -0.083332
1305032367.262270 -0.021288 -0.732849 1.002255 -0.068466 0.957105 0.267630 -0.087382
1305032367.293982 -0.024515 -0.730004 1.023006 -0.068115 0.958331 0.261930 -0.091407
1305032367.330063 -0.032837 -0.724963 1.036633 -0.067785 0.958496 0.260418 -0.094194
1305032367.362109 -0.039740 -0.716303 1.031566 -0.067516 0.961583 0.246910 -0.099171
1305032367.393996 -0.050581 -0.705681 1.048620 -0.075857 0.964309 0.232541 -0.101380
1305032367.430145 -0.049999 -0.703450 1.062183 -0.076831 0.965938 0.225320 -0.101444
1305032367.462005 -0.046448 -0.697414 1.061774 -0.075136 0.968551 0.213576 -0.103189
1305032367.494767 -0.051750 -0.688124 1.069743 -0.073119 0.971861 0.199488 -0.101703
1305032367.530124 -0.061997 -0.679650 1.077114 -0.073450 0.974491 0.188437 -0.097284
1305032367.562098 -0.067528 -0.671971 1.089241 -0.071489 0.976337 0.180648 -0.094982
1305032367.594518 -0.076217 -0.658870 1.103315 -0.068144 0.977492 0.176791 -0.092796
1305032367.629988 -0.090855 -0.655999 1.104960 -0.067707 0.978592 0.173559 -0.087466
1305032367.662173 -0.101191 -0.648195 1.109647 -0.072265 0.979326 0.169131 -0.084219
1305032367.694493 -0.096781 -0.634136 1.114616 -0.073914 0.979796 0.165791 -0.083964
1305032367.730004 -0.086837 -0.612438 1.116929 -0.073635 0.980670 0.161135 -0.083063
1305032367.762020 -0.097441 -0.597324 1.124548 -0.068395 0.982199 0.156063 -0.079063
1305032367.794824 -0.103778 -0.588760 1.128758 -0.063790 0.983030 0.154281 -0.076028
1305032367.829935 -0.109865 -0.567423 1.133720 -0.059700 0.984313 0.148614 -0.074019
1305032367.861953 -0.110589 -0.553316 1.132083 -0.053083 0.986077 0.140252 -0.071856
1305032367.894023 -0.115560 -0.542798 1.141179 -0.045398 0.987181 0.135358 -0.071345
1305032367.930098 -0.124136 -0.507887 1.146153 -0.040908 0.989207 0.121759 -0.070500
1305032367.962109 -0.116558 -0.504971 1.138192 -0.040024 0.990273 0.112617 -0.071233
1305032367.994871 -0.116058 -0.501801 1.129987 -0.037810 0.991396 0.103504 -0.070646
1305032368.030371 -0.116058 -0.489221 1.131407 -0.038208 0.993148 0.089999 -0.064008
1305032368.062044 -0.124206 -0.462915 1.129808 -0.035759 0.994856 0.075059 -0.057875
1305032368.094693 -0.133242 -0.450117 1.134125 -0.037875 0.996133 0.060341 -0.051407
1305032368.129978 -0.131595 -0.440080 1.138444 -0.036268 0.997072 0.048548 -0.046634
1305032368.162148 -0.128489 -0.412610 1.134699 -0.033717 0.998193 0.030073 -0.039626
1305032368.194071 -0.144659 -0.407830 1.145295 -0.034659 0.998913 0.019080 -0.024647
1305032368.230066 -0.139891 -0.384430 1.138173 -0.033507 0.999191 0.003322 -0.022000
1305032368.263367 -0.150940 -0.372518 1.148836 -0.040073 0.999106 -0.008549 -0.010392
1305032368.294047 -0.158135 -0.355298 1.158665 -0.038836 0.999130 -0.014496 -0.004597
1305032368.330048 -0.191523 -0.352709 1.164804 -0.057219 0.998214 -0.015806 0.006694
1305032368.362001 -0.195295 -0.332293 1.165998 -0.061761 0.997672 -0.026596 0.011323
1305032368.394058 -0.180277 -0.317547 1.167701 -0.052550 0.997773 -0.039969 0.009521
1305032368.430004 -0.204847 -0.315754 1.169062 -0.065353 0.996904 -0.039595 0.018511
1305032368.462392 -0.210848 -0.320124 1.173856 -0.077980 0.996114 -0.035190 0.020922
1305032368.494404 -0.240174 -0.284965 1.179209 -0.078614 0.994966 -0.057421 0.023764
1305032368.529995 -0.231465 -0.326054 1.191417 -0.081642 0.994034 -0.067943 0.024790
1305032368.561932 -0.231506 -0.273896 1.183613 -0.076279 0.992560 -0.093290 0.017432
1305032368.594184 -0.235577 -0.256536 1.184348 -0.071669 0.991604 -0.107468 0.006017
1305032368.629997 -0.262484 -0.276793 1.212231 -0.066072 0.991039 -0.116082 -0.001214
1305032368.662766 -0.251898 -0.265633 1.196905 -0.050267 0.990430 -0.128519 -0.002263
1305032368.693889 -0.254918 -0.235140 1.189327 -0.032999 0.989489 -0.140594 -0.007517
1305032368.730133 -0.280583 -0.201641 1.176653 -0.018307 0.987603 -0.155764 -0.006469
1305032368.762354 -0.286717 -0.189189 1.159434 -0.004467 0.986780 -0.161995 -0.001620
1305032368.794467 -0.283330 -0.186894 1.161090 0.009157 0.986575 -0.163026 0.003005
1305032368.830009 -0.276275 -0.172202 1.158224 0.018338 0.986170 -0.164625 0.005532
1305032368.862362 -0.309779 -0.161199 1.157082 0.021546 0.985239 -0.168510 0.021062
1305032368.894072 -0.278969 -0.140705 1.153162 0.026924 0.984127 -0.174262 0.020055
1305032368.929945 -0.313552 -0.139109 1.159585 0.027964 0.984517 -0.170967 0.026740
1305032368.961860 -0.297563 -0.110591 1.154273 0.036885 0.981779 -0.184730 0.025004
1305032368.993887 -0.295170 -0.135499 1.165235 0.041128 0.981673 -0.184547 0.023859
1305032369.030203 -0.302447 -0.084147 1.151043 0.042356 0.978329 -0.201560 0.021275
1305032369.062500 -0.294772 -0.085721 1.167056 0.053242 0.976743 -0.206752 0.019784
1305032369.093984 -0.297238 -0.062514 1.149859 0.060741 0.974892 -0.213581 0.016701
1305032369.130062 -0.332668 -0.056251 1.131223 0.068174 0.973362 -0.217311 0.026375
1305032369.162492 -0.334871 -0.054024 1.132185 0.074476 0.972445 -0.219068 0.028515
1305032369.194412 -0.331499 -0.052205 1.126533 0.077487 0.972055 -0.219492 0.030461
1305032369.230045 -0.345606 -0.055526 1.124393 0.082346 0.971585 -0.218633 0.037966
1305032369.262268 -0.343356 -0.051974 1.123264 0.085662 0.971273 -0.218186 0.041043
1305032369.294529 -0.340686 -0.030720 1.122690 0.088270 0.970087 -0.222603 0.039846
1305032369.330151 -0.349180 -0.028548 1.119043 0.094358 0.968914 -0.224832 0.041868
1305032369.361966 -0.375192 -0.018552 1.110772 0.099932 0.966778 -0.230113 0.049014
1305032369.394056 -0.370367 -0.027900 1.124603 0.105770 0.963611 -0.240429 0.049603
1305032369.430090 -0.377625 -0.047598 1.132311 0.105808 0.964546 -0.235497 0.054750
1305032369.461995 -0.383698 -0.058392 1.125277 0.107489 0.964872 -0.232126 0.059880
1305032369.493998 -0.373060 -0.046069 1.127482 0.112950 0.963956 -0.232613 0.062632
1305032369.529992 -0.383685 -0.045974 1.125072 0.114554 0.964296 -0.228127 0.070491
1305032369.562004 -0.379360 -0.047167 1.129919 0.112020 0.965902 -0.221692 0.073053
1305032369.594020 -0.367527 -0.039481 1.129168 0.108092 0.968151 -0.213379 0.073957
1305032369.630023 -0.375215 -0.039300 1.132930 0.108370 0.970129 -0.202632 0.077749
1305032369.661969 -0.371914 -0.044138 1.140054 0.111259 0.970990 -0.196660 0.078257
1305032369.694099 -0.376232 -0.045155 1.144623 0.107679 0.972853 -0.189370 0.078111
1305032369.730198 -0.388756 -0.059095 1.153688 0.102141 0.974662 -0.182774 0.078703
1305032369.762450 -0.376065 -0.053974 1.167844 0.097450 0.976290 -0.178440 0.074303
1305032369.794261 -0.379323 -0.066984 1.182059 0.094645 0.978019 -0.172059 0.070118
1305032369.830429 -0.399692 -0.058850 1.190498 0.089347 0.979601 -0.166354 0.068743
1305032369.862627 -0.395388 -0.063096 1.200153 0.085462 0.981777 -0.158498 0.060732
1305032369.894360 -0.402230 -0.066843 1.208155 0.082222 0.983481 -0.151995 0.053881
1305032369.930423 -0.406023 -0.065534 1.215380 0.080110 0.984883 -0.145652 0.048720
1305032369.962111 -0.412897 -0.061696 1.228325 0.075771 0.986394 -0.138987 0.044361
1305032369.994395 -0.420070 -0.062150 1.225417 0.072502 0.987939 -0.130597 0.040801
1305032370.029908 -0.436835 -0.057651 1.228308 0.075038 0.987690 -0.130564 0.042321
1305032370.062358 -0.421600 -0.062857 1.240997 0.064410 0.989551 -0.123171 0.038321
1305032370.094132 -0.420910 -0.062322 1.248088 0.064305 0.990714 -0.113976 0.036890
1305032370.130815 -0.417009 -0.059448 1.256004 0.060647 0.992111 -0.104081 0.034706
1305032370.164340 -0.422831 -0.064721 1.262233 0.060634 0.993156 -0.093769 0.034249
1305032370.193920 -0.420228 -0.056549 1.278044 0.060516 0.993707 -0.088977 0.031088
1305032370.230502 -0.415625 -0.053199 1.284313 0.060618 0.994273 -0.083411 0.028108
1305032370.262034 -0.412820 -0.045028 1.298612 0.061204 0.994702 -0.078776 0.024846
1305032370.293927 -0.414248 -0.050984 1.306600 0.061266 0.995271 -0.071462 0.023999
1305032370.330168 -0.414456 -0.041621 1.309781 0.058407 0.995662 -0.068139 0.024566
1305032370.362172 -0.411791 -0.042890 1.319552 0.056745 0.996146 -0.062502 0.023817
1305032370.393973 -0.413395 -0.052682 1.322347 0.054411 0.996659 -0.056977 0.021519
1305032370.430165 -0.432814 -0.042654 1.330923 0.055884 0.996509 -0.058116 0.021685
1305032370.462710 -0.420723 -0.045689 1.340704 0.051384 0.997092 -0.053910 0.016160
1305032370.494212 -0.421670 -0.046721 1.347448 0.050154 0.997411 -0.049985 0.012511
1305032370.530368 -0.420065 -0.044116 1.349043 0.049039 0.997613 -0.047495 0.010360
1305032370.562129 -0.416867 -0.044364 1.352857 0.045368 0.998076 -0.041505 0.007924
1305032370.594668 -0.412008 -0.050939 1.357473 0.040454 0.998694 -0.030770 0.005255
1305032370.630616 -0.422600 -0.043887 1.360201 0.032924 0.999183 -0.022693 0.005935
1305032370.662501 -0.416667 -0.048363 1.359841 0.032968 0.999331 -0.015606 0.002690
1305032370.694752 -0.420307 -0.055117 1.368207 0.029906 0.999521 -0.007892 -0.000979
1305032370.730453 -0.420712 -0.061637 1.367000 0.029775 0.999538 -0.003981 -0.004614
1305032370.762387 -0.424017 -0.062801 1.372552 0.027786 0.999589 -0.001498 -0.006961
1305032370.794212 -0.421770 -0.058976 1.379177 0.026541 0.999578 0.004076 -0.011087
1305032370.830542 -0.436450 -0.101279 1.366162 0.027768 0.999442 0.016825 -0.007789
1305032370.862583 -0.446253 -0.105235 1.361969 0.026680 0.999414 0.021400 -0.001263
1305032370.898506 -0.449395 -0.115530 1.370363 0.020971 0.999324 0.030175 0.001205
1305032370.930659 -0.455879 -0.124851 1.372318 0.018828 0.999015 0.039951 0.004245
1305032370.962789 -0.457999 -0.148064 1.368130 0.016184 0.998426 0.053430 0.005411
1305032370.998556 -0.469857 -0.140012 1.376032 0.010047 0.997958 0.062559 0.008023
1305032371.030832 -0.454580 -0.136257 1.384140 0.005579 0.997118 0.075558 0.004035
1305032371.062995 -0.464435 -0.141703 1.382941 0.004970 0.995846 0.090861 0.003295
1305032371.098685 -0.465323 -0.152479 1.379674 0.000283 0.994662 0.103179 0.001410
1305032371.129946 -0.459321 -0.182379 1.379886 -0.006008 0.993040 0.117610 -0.001937
1305032371.163377 -0.460525 -0.214706 1.383921 -0.014204 0.991001 0.132985 -0.005583
1305032371.199209 -0.476590 -0.230276 1.354204 -0.023017 0.990118 0.138212 -0.005904
1305032371.231556 -0.473007 -0.251543 1.339170 -0.036513 0.989476 0.139865 -0.006471
1305032371.263086 -0.469613 -0.279058 1.337171 -0.047554 0.988383 0.144106 -0.008434
1305032371.298863 -0.467386 -0.305455 1.329100 -0.057132 0.987160 0.148873 -0.009387
1305032371.331299 -0.467167 -0.340472 1.319197 -0.064883 0.985953 0.153766 -0.006591
1305032371.362286 -0.462050 -0.366848 1.316073 -0.078343 0.984247 0.158476 -0.002369
1305032371.399014 -0.460356 -0.378566 1.318886 -0.088893 0.982558 0.163316 0.002283
1305032371.429986 -0.474322 -0.405658 1.319366 -0.100562 0.979643 0.173481 0.009560
1305032371.461990 -0.476500 -0.431552 1.309799 -0.111803 0.976276 0.184865 0.014510
1305032371.500350 -0.479445 -0.445509 1.305802 -0.122901 0.972794 0.195373 0.019894
1305032371.530042 -0.488067 -0.463514 1.293920 -0.134212 0.968548 0.207766 0.027105
1305032371.563010 -0.495283 -0.490053 1.278049 -0.149396 0.963160 0.220992 0.034152
1305032371.594822 -0.501554 -0.505020 1.267362 -0.160328 0.958776 0.231065 0.040643
1305032371.629962 -0.503371 -0.517342 1.255560 -0.168162 0.954735 0.240948 0.046327
1305032371.661896 -0.502209 -0.533331 1.237060 -0.173320 0.950912 0.251151 0.051483
1305032371.698063 -0.511435 -0.548622 1.217815 -0.185820 0.945885 0.258865 0.061335
1305032371.730032 -0.525117 -0.560788 1.210799 -0.197195 0.941078 0.266141 0.068223
1305032371.763070 -0.527808 -0.574819 1.196378 -0.204475 0.935807 0.278056 0.071696
1305032371.798758 -0.535866 -0.578218 1.171594 -0.206997 0.933206 0.283794 0.075760
1305032371.830599 -0.528437 -0.587699 1.145848 -0.206405 0.931025 0.290603 0.078357
1305032371.862968 -0.542969 -0.604346 1.116524 -0.205788 0.929180 0.293425 0.090431
1305032371.898642 -0.554426 -0.608496 1.105401 -0.210911 0.926807 0.292881 0.103756
1305032371.930870 -0.562840 -0.624552 1.081386 -0.219420 0.922512 0.295795 0.115460
1305032371.961821 -0.569697 -0.640922 1.053122 -0.230108 0.917820 0.297544 0.126980
1305032371.998991 -0.566843 -0.652940 1.031056 -0.239938 0.914493 0.295601 0.136939
1305032372.030846 -0.574044 -0.669782 1.004913 -0.248793 0.911031 0.293297 0.148662
1305032372.061897 -0.577227 -0.681124 0.981235 -0.259921 0.907511 0.289240 0.158760
1305032372.098230 -0.577394 -0.691651 0.968885 -0.270351 0.903761 0.288293 0.164358
1305032372.129933 -0.582423 -0.701461 0.941372 -0.279276 0.900095 0.286209 0.172969
1305032372.166136 -0.573332 -0.711745 0.915812 -0.289444 0.896848 0.278344 0.185497
1305032372.198088 -0.569516 -0.721664 0.899343 -0.298355 0.893112 0.271662 0.198833
1305032372.230035 -0.558680 -0.733546 0.879354 -0.308274 0.888591 0.265793 0.211489
1305032372.266118 -0.550390 -0.737083 0.862842 -0.316443 0.884812 0.257674 0.224890
1305032372.297778 -0.547159 -0.745716 0.849308 -0.323946 0.879817 0.253254 0.238419
1305032372.329863 -0.534782 -0.756338 0.837551 -0.336770 0.873198 0.248777 0.249443
1305032372.366255 -0.527975 -0.761653 0.823552 -0.348508 0.867853 0.244770 0.255855
1305032372.398316 -0.518093 -0.769328 0.810622 -0.358433 0.863072 0.243656 0.259352
1305032372.430828 -0.509213 -0.777509 0.802308 -0.366823 0.858264 0.243004 0.264147
1305032372.466062 -0.500339 -0.782203 0.797853 -0.374634 0.853236 0.245080 0.267532
1305032372.498126 -0.486367 -0.788259 0.787518 -0.385114 0.846860 0.248221 0.270003
1305032372.530471 -0.468372 -0.790159 0.770655 -0.392663 0.842787 0.245022 0.274753
1305032372.565932 -0.459171 -0.799435 0.770276 -0.396366 0.839593 0.243145 0.280816
1305032372.597830 -0.447869 -0.809697 0.765376 -0.403044 0.833959 0.246708 0.284961
1305032372.629940 -0.430973 -0.814113 0.752793 -0.408238 0.830590 0.247579 0.286646
1305032372.664099 -0.419761 -0.823615 0.744630 -0.411616 0.828051 0.246840 0.289782
1305032372.698677 -0.409555 -0.826798 0.742359 -0.414335 0.825010 0.247366 0.294100
1305032372.729773 -0.396932 -0.830706 0.733774 -0.418084 0.820312 0.246586 0.302472
1305032372.766495 -0.383823 -0.835953 0.727736 -0.421843 0.816197 0.242944 0.311206
1305032372.797977 -0.371640 -0.838758 0.720083 -0.421445 0.814565 0.237470 0.320117
1305032372.831419 -0.360379 -0.841396 0.711230 -0.416372 0.815608 0.229249 0.329944
1305032372.866951 -0.350045 -0.853581 0.699611 -0.411635 0.815212 0.222340 0.341397
1305032372.898820 -0.341370 -0.856044 0.699100 -0.406304 0.815504 0.216918 0.350452
1305032372.930434 -0.331227 -0.862255 0.689479 -0.401163 0.814634 0.212487 0.360955
1305032372.966593 -0.323818 -0.872344 0.680316 -0.397134 0.811627 0.209850 0.373509
1305032372.998908 -0.322176 -0.868587 0.675534 -0.394172 0.806946 0.208794 0.387132
1305032373.030602 -0.310441 -0.868507 0.671560 -0.396436 0.799140 0.209112 0.400606
1305032373.066888 -0.306025 -0.869151 0.665715 -0.398527 0.792355 0.210701 0.411042
1305032373.099756 -0.305343 -0.861465 0.666889 -0.397974 0.787033 0.218802 0.417518
1305032373.129982 -0.297418 -0.857502 0.661829 -0.398498 0.779728 0.230333 0.424464
1305032373.166370 -0.291145 -0.853514 0.656399 -0.401613 0.769890 0.241439 0.433226
1305032373.198396 -0.283020 -0.849631 0.648272 -0.408228 0.758945 0.249362 0.441782
1305032373.230473 -0.277121 -0.841945 0.645036 -0.413072 0.751266 0.256327 0.446393
1305032373.266720 -0.269409 -0.837712 0.639709 -0.418092 0.742802 0.263307 0.451789
1305032373.298826 -0.259979 -0.832110 0.637347 -0.422473 0.734390 0.270612 0.457118
1305032373.331205 -0.248884 -0.825783 0.637558 -0.422133 0.729152 0.276087 0.462511
1305032373.366852 -0.244149 -0.824093 0.631741 -0.419019 0.724060 0.282394 0.469483
1305032373.399036 -0.237440 -0.822300 0.626527 -0.419308 0.717684 0.288481 0.475279
1305032373.434600 -0.227609 -0.821315 0.619684 -0.420207 0.711800 0.290214 0.482227
1305032373.465600 -0.223198 -0.822646 0.618509 -0.418052 0.708948 0.294005 0.485990
1305032373.498931 -0.218909 -0.820281 0.617875 -0.414633 0.706569 0.299881 0.488785
1305032373.534642 -0.216192 -0.820918 0.610481 -0.410376 0.702735 0.306145 0.493994
1305032373.566765 -0.213743 -0.819019 0.605729 -0.409023 0.699760 0.310208 0.496797
1305032373.598768 -0.207663 -0.821891 0.598005 -0.409488 0.696100 0.316122 0.497826
1305032373.637020 -0.207879 -0.818080 0.590384 -0.410478 0.695415 0.316870 0.497492
1305032373.664564 -0.203507 -0.815248 0.582368 -0.411700 0.697793 0.313376 0.495363
1305032373.697902 -0.199566 -0.816352 0.580370 -0.412103 0.700935 0.308839 0.493437
1305032373.734487 -0.196305 -0.820095 0.580184 -0.412913 0.702535 0.306531 0.491920
1305032373.766407 -0.195433 -0.814249 0.582803 -0.405953 0.707344 0.299307 0.495259
1305032373.795810 -0.197473 -0.814143 0.593200 -0.400168 0.709218 0.299429 0.497209
1305032373.834900 -0.210499 -0.818382 0.585987 -0.401268 0.703434 0.303342 0.502143
1305032373.867214 -0.206510 -0.826157 0.570469 -0.402447 0.700374 0.302967 0.505692
1305032373.899236 -0.213890 -0.828992 0.569385 -0.402115 0.704826 0.295800 0.504010
1305032373.935042 -0.226839 -0.825537 0.575591 -0.402923 0.709452 0.287835 0.501479
1305032373.966997 -0.232816 -0.827885 0.576352 -0.403456 0.710603 0.281021 0.503283
1305032373.999161 -0.242843 -0.831472 0.578003 -0.401022 0.713976 0.274784 0.503898
1305032374.031130 -0.259288 -0.830818 0.578962 -0.401883 0.716087 0.266427 0.504704
1305032374.066694 -0.269264 -0.835562 0.572248 -0.407932 0.717124 0.255245 0.504157
1305032374.098892 -0.283502 -0.832066 0.579876 -0.411441 0.720774 0.239180 0.503979
1305032374.134638 -0.297436 -0.831963 0.589593 -0.412535 0.722679 0.227472 0.505773
1305032374.165244 -0.316982 -0.829341 0.590116 -0.406711 0.726477 0.218114 0.509160
1305032374.198898 -0.332542 -0.824834 0.597978 -0.399326 0.729623 0.210459 0.513708
1305032374.234560 -0.349814 -0.818649 0.602073 -0.392945 0.728425 0.202447 0.523455
1305032374.266147 -0.369919 -0.809913 0.604094 -0.384891 0.728493 0.193315 0.532716
1305032374.294938 -0.395070 -0.802197 0.611685 -0.378149 0.726643 0.189738 0.541288
1305032374.334742 -0.413110 -0.790531 0.605911 -0.371588 0.723641 0.182693 0.552168
1305032374.364901 -0.425341 -0.783518 0.600754 -0.366152 0.720037 0.170055 0.564411
1305032374.399115 -0.446125 -0.772378 0.603504 -0.358340 0.717448 0.154672 0.577007
1305032374.434908 -0.482604 -0.759325 0.595648 -0.354842 0.710786 0.137087 0.591674
1305032374.465685 -0.507191 -0.741324 0.584860 -0.342704 0.710533 0.129025 0.600874
1305032374.498699 -0.529262 -0.719813 0.582262 -0.329353 0.710784 0.116712 0.610484
1305032374.534396 -0.569775 -0.698393 0.574912 -0.317188 0.708105 0.109821 0.621223
1305032374.565590 -0.598715 -0.689538 0.578754 -0.312019 0.708455 0.109619 0.623474
1305032374.594126 -0.627158 -0.668430 0.559349 -0.302069 0.712765 0.111355 0.623154
1305032374.634435 -0.647031 -0.657306 0.542783 -0.296397 0.715228 0.106069 0.623977
1305032374.666012 -0.673646 -0.636480 0.542343 -0.285533 0.719050 0.098076 0.625955
1305032374.693998 -0.701507 -0.618413 0.530291 -0.272037 0.722959 0.091812 0.628408
1305032374.733801 -0.733106 -0.604369 0.528861 -0.263653 0.727144 0.085389 0.628058
1305032374.764270 -0.746221 -0.583760 0.514233 -0.247110 0.732793 0.082724 0.628576
1305032374.794088 -0.774107 -0.566848 0.514353 -0.237437 0.738372 0.075650 0.626664
1305032374.833035 -0.795205 -0.543831 0.513555 -0.231701 0.742215 0.067792 0.625168
1305032374.865378 -0.812219 -0.524236 0.511325 -0.226189 0.744330 0.063737 0.625099
1305032374.893927 -0.834823 -0.499532 0.520173 -0.218346 0.750046 0.060099 0.621405
1305032374.934044 -0.847729 -0.484575 0.513662 -0.216351 0.753603 0.058914 0.617903
1305032374.963025 -0.867857 -0.445568 0.502551 -0.202150 0.758733 0.059254 0.616399
1305032374.994296 -0.880011 -0.446549 0.525696 -0.195719 0.765160 0.067667 0.609627
1305032375.033877 -0.888724 -0.429289 0.495550 -0.184860 0.769035 0.082247 0.606339
1305032375.063183 -0.899479 -0.404388 0.492785 -0.174881 0.773922 0.083126 0.602952
1305032375.093980 -0.907612 -0.386722 0.499061 -0.167659 0.780056 0.091009 0.595920
1305032375.133595 -0.915155 -0.368516 0.485996 -0.162572 0.783353 0.090117 0.593133
1305032375.165413 -0.927260 -0.345851 0.481920 -0.156694 0.787009 0.081821 0.591075
1305032375.193974 -0.929376 -0.333734 0.477035 -0.153076 0.791247 0.070205 0.587849
1305032375.233686 -0.940337 -0.312870 0.481936 -0.151480 0.794299 0.059815 0.585291
1305032375.266159 -0.938663 -0.298292 0.470372 -0.147421 0.795747 0.051844 0.585120
1305032375.301758 -0.946735 -0.282386 0.481522 -0.143121 0.797299 0.046908 0.584492
1305032375.333721 -0.951158 -0.267744 0.481248 -0.140840 0.796003 0.039794 0.587333
1305032375.365860 -0.950098 -0.260994 0.472450 -0.137340 0.794748 0.035353 0.590139
1305032375.401985 -0.949083 -0.246309 0.475018 -0.131340 0.790435 0.030797 0.597506
1305032375.434217 -0.952158 -0.221750 0.469793 -0.122678 0.784836 0.014058 0.607277
1305032375.465834 -0.951054 -0.210986 0.471938 -0.119329 0.780036 0.004972 0.614231
1305032375.499837 -0.954254 -0.208702 0.475250 -0.116524 0.775204 -0.004403 0.620856
1305032375.532916 -0.949314 -0.192718 0.471051 -0.107573 0.770711 -0.019610 0.627732
1305032375.564725 -0.951548 -0.186361 0.479061 -0.100345 0.767264 -0.023970 0.632979
1305032375.601458 -0.953974 -0.173420 0.479344 -0.093342 0.763746 -0.029385 0.638057
1305032375.633354 -0.952730 -0.166360 0.476963 -0.092700 0.761436 -0.037757 0.640466
1305032375.665617 -0.952993 -0.161415 0.480557 -0.086939 0.760858 -0.043807 0.641575
1305032375.701017 -0.955765 -0.150566 0.473395 -0.077184 0.761157 -0.044943 0.642388
1305032375.733414 -0.960655 -0.132450 0.468728 -0.070317 0.761260 -0.044559 0.643081
1305032375.765442 -0.961285 -0.122571 0.462546 -0.068692 0.760278 -0.049226 0.644078
1305032375.801321 -0.958558 -0.113014 0.459550 -0.064115 0.759684 -0.051432 0.645077
1305032375.833190 -0.962812 -0.102608 0.454538 -0.059565 0.759327 -0.052747 0.645827
1305032375.862014 -0.961039 -0.092967 0.451647 -0.054451 0.759067 -0.055712 0.646334
1305032375.901630 -0.969132 -0.084104 0.451314 -0.044422 0.758023 -0.060333 0.647910
1305032375.933396 -0.971452 -0.077523 0.451023 -0.029079 0.755194 -0.064291 0.651693
1305032375.961907 -0.971853 -0.058032 0.436407 -0.020417 0.751735 -0.062126 0.656215
1305032375.998887 -0.975009 -0.047492 0.436971 -0.012554 0.748860 -0.064622 0.659451
1305032376.032860 -0.975552 -0.038754 0.436980 0.003789 0.745928 -0.059278 0.663372
1305032376.061932 -0.986597 -0.019145 0.415992 0.014854 0.744540 -0.057520 0.664929
1305032376.102161 -0.992517 -0.007456 0.408859 0.018813 0.746386 -0.052352 0.663184
1305032376.133711 -0.995230 0.002965 0.407704 0.026590 0.746864 -0.050205 0.662545
1305032376.162024 -1.001241 0.017233 0.393295 0.034681 0.746793 -0.046707 0.662508
1305032376.199867 -1.007802 0.032285 0.394076 0.037726 0.750092 -0.043961 0.658792
1305032376.230456 -1.008602 0.043826 0.389268 0.044026 0.752451 -0.041806 0.655844
1305032376.261897 -1.016185 0.050997 0.388452 0.052645 0.753815 -0.036163 0.653976
1305032376.301905 -1.018591 0.067315 0.380659 0.051609 0.755287 -0.032519 0.652549
1305032376.333850 -1.016463 0.078498 0.383226 0.053723 0.757410 -0.031394 0.649968
1305032376.362196 -1.018944 0.093422 0.378738 0.060086 0.756743 -0.028112 0.650337
1305032376.401623 -1.019348 0.093412 0.377843 0.062956 0.757364 -0.027670 0.649362
1305032376.433420 -1.021352 0.101462 0.377226 0.069925 0.757188 -0.028493 0.648818
1305032376.461966 -1.018586 0.113407 0.373891 0.081334 0.757337 -0.031280 0.647184
1305032376.502252 -1.021026 0.116343 0.369831 0.095301 0.758635 -0.035389 0.643536
1305032376.534217 -1.019353 0.123505 0.368114 0.109240 0.758627 -0.041303 0.640973
1305032376.562020 -1.021893 0.133237 0.377380 0.118909 0.758290 -0.048378 0.639153
1305032376.601916 -1.021582 0.141307 0.378875 0.124606 0.757807 -0.055858 0.638030
1305032376.633870 -1.021715 0.148490 0.380915 0.134914 0.756194 -0.063000 0.637182
1305032376.662225 -1.019347 0.162136 0.386770 0.142291 0.754466 -0.067280 0.637188
1305032376.702073 -1.020660 0.168829 0.392261 0.145324 0.752561 -0.071189 0.638330
1305032376.734273 -1.023336 0.171813 0.396033 0.149930 0.750082 -0.075674 0.639665
1305032376.761981 -1.016397 0.182682 0.395954 0.153607 0.746683 -0.076038 0.642718
1305032376.802316 -1.016131 0.193883 0.396532 0.154868 0.744642 -0.080075 0.644292
1305032376.833971 -1.009373 0.204122 0.397093 0.158040 0.743087 -0.082829 0.644968
1305032376.861992 -1.005856 0.206498 0.398212 0.162530 0.740561 -0.087110 0.646192
1305032376.901902 -1.005183 0.216889 0.398608 0.163981 0.739745 -0.088993 0.646504
1305032376.933566 -0.999706 0.219749 0.398532 0.165238 0.738980 -0.090840 0.646803
1305032376.961961 -0.990050 0.223364 0.397966 0.168661 0.736347 -0.096079 0.648163
1305032376.999109 -0.989742 0.232297 0.396818 0.173061 0.735523 -0.100903 0.647205
1305032377.033968 -0.986797 0.237022 0.394524 0.175800 0.734555 -0.104211 0.647042
1305032377.062278 -0.979589 0.239434 0.396359 0.179763 0.731965 -0.106482 0.648517
1305032377.102624 -0.979084 0.249648 0.394406 0.184069 0.729088 -0.110184 0.649930
1305032377.129944 -0.973549 0.256081 0.393307 0.184604 0.728538 -0.109037 0.650588
1305032377.161952 -0.970066 0.259497 0.391226 0.185715 0.726875 -0.107953 0.652310
1305032377.201774 -0.968286 0.263519 0.392051 0.185451 0.726281 -0.105410 0.653462
1305032377.229977 -0.965997 0.266699 0.390168 0.184176 0.726789 -0.104202 0.653451
1305032377.261926 -0.962264 0.267727 0.391714 0.188790 0.724902 -0.104066 0.654252
1305032377.302313 -0.963242 0.267213 0.387822 0.188644 0.722933 -0.103079 0.656625
1305032377.330085 -0.960422 0.271883 0.390623 0.184685 0.723314 -0.102016 0.657497
1305032377.362122 -0.960519 0.264398 0.388165 0.181548 0.721497 -0.100207 0.660637
1305032377.401791 -0.959831 0.255968 0.390713 0.179445 0.720178 -0.099105 0.662813
1305032377.430000 -0.957470 0.252192 0.386830 0.172294 0.720578 -0.097620 0.664494
1305032377.461954 -0.960041 0.232407 0.386527 0.166711 0.720429 -0.096603 0.666226
1305032377.501541 -0.964552 0.222597 0.382089 0.162934 0.718727 -0.096117 0.669063
1305032377.530127 -0.961494 0.207204 0.378646 0.154761 0.719911 -0.095213 0.669859
1305032377.562030 -0.966536 0.189100 0.380318 0.146291 0.720330 -0.093628 0.671533
1305032377.602337 -0.966696 0.171989 0.375528 0.138610 0.718497 -0.092882 0.675220
1305032377.630198 -0.966190 0.156489 0.370849 0.129448 0.719104 -0.091193 0.676621
1305032377.662079 -0.967735 0.140462 0.363515 0.118409 0.719823 -0.088341 0.678255
1305032377.701676 -0.964077 0.114611 0.361356 0.107307 0.719167 -0.087409 0.680913
1305032377.730022 -0.970122 0.089897 0.353301 0.094322 0.719106 -0.085987 0.683079
1305032377.762107 -0.965338 0.070484 0.351083 0.081745 0.720475 -0.085107 0.683367
1305032377.801528 -0.961150 0.044583 0.345697 0.070964 0.719722 -0.085369 0.685330
1305032377.829990 -0.964766 0.019767 0.340637 0.059221 0.719971 -0.083314 0.686435
1305032377.862016 -0.953901 -0.005395 0.330868 0.045678 0.720361 -0.081655 0.687260
1305032377.901222 -0.952809 -0.017126 0.337468 0.031212 0.720192 -0.081202 0.688299
1305032377.929945 -0.950724 -0.031056 0.334624 0.017334 0.718755 -0.082765 0.690102
1305032377.962041 -0.946784 -0.052692 0.319179 0.005378 0.717468 -0.071089 0.692934
1305032378.001490 -0.942959 -0.082709 0.323759 -0.011844 0.716768 -0.072813 0.693398
1305032378.030011 -0.936968 -0.095632 0.318277 -0.026049 0.712968 -0.073399 0.696858
1305032378.062184 -0.935514 -0.116374 0.315149 -0.042976 0.713045 -0.073482 0.695931
1305032378.101402 -0.927866 -0.129984 0.300107 -0.054656 0.711557 -0.065787 0.697403
1305032378.130166 -0.918911 -0.160746 0.300696 -0.067300 0.710829 -0.070609 0.696568
1305032378.162063 -0.916762 -0.177332 0.297573 -0.075725 0.708606 -0.070373 0.697991
1305032378.201701 -0.910928 -0.192401 0.284564 -0.084709 0.705668 -0.064260 0.700520
1305032378.230090 -0.903693 -0.209280 0.288285 -0.099113 0.699754 -0.064734 0.704507
1305032378.262060 -0.887171 -0.227413 0.274450 -0.114361 0.690902 -0.065007 0.710880
1305032378.297958 -0.875272 -0.234205 0.275056 -0.121602 0.681937 -0.052810 0.719295
1305032378.330021 -0.860665 -0.254047 0.264063 -0.136488 0.670720 -0.055864 0.726901
1305032378.362038 -0.853613 -0.271054 0.252729 -0.156263 0.661478 -0.056943 0.731291
1305032378.398026 -0.846840 -0.286822 0.245744 -0.175275 0.650960 -0.047497 0.737071
1305032378.430058 -0.838517 -0.301495 0.238795 -0.192167 0.643351 -0.039220 0.740022
1305032378.462047 -0.838774 -0.313107 0.245273 -0.207124 0.635964 -0.031369 0.742741
1305032378.497867 -0.826468 -0.338288 0.234289 -0.226222 0.626562 -0.027330 0.745316
1305032378.530157 -0.818462 -0.363610 0.237279 -0.243819 0.616452 -0.029689 0.748103
1305032378.562081 -0.811008 -0.384391 0.236555 -0.260209 0.605547 -0.034128 0.751292
1305032378.597959 -0.801401 -0.403284 0.228697 -0.278092 0.595935 -0.035422 0.752511
1305032378.630158 -0.796427 -0.425738 0.231538 -0.296418 0.587585 -0.032128 0.752229
1305032378.661960 -0.784316 -0.452766 0.229702 -0.316828 0.580754 -0.027522 0.749392
1305032378.698231 -0.767093 -0.479811 0.233865 -0.332175 0.576254 -0.024981 0.746302
1305032378.730042 -0.754430 -0.506406 0.238584 -0.339465 0.572473 -0.023446 0.745982
1305032378.761985 -0.747910 -0.526734 0.246380 -0.342042 0.570717 -0.018633 0.746286
1305032378.797887 -0.732858 -0.549915 0.249778 -0.342702 0.567353 -0.015848 0.748608
1305032378.830168 -0.723863 -0.564853 0.253869 -0.340930 0.564746 -0.015648 0.751388
1305032378.862028 -0.718718 -0.578018 0.274932 -0.342324 0.563434 -0.013774 0.751776
1305032378.897945 -0.702223 -0.612463 0.283505 -0.346364 0.553713 -0.014497 0.757115
1305032378.930160 -0.698627 -0.621736 0.297646 -0.350561 0.542362 -0.023931 0.763137
1305032378.962166 -0.688966 -0.629513 0.303922 -0.358862 0.526546 -0.038653 0.769723
1305032378.997991 -0.674050 -0.642470 0.308648 -0.368785 0.512100 -0.054372 0.773818
1305032379.030183 -0.665183 -0.655081 0.318523 -0.377011 0.503746 -0.062219 0.774746
1305032379.062055 -0.651569 -0.658379 0.318112 -0.386837 0.497678 -0.061412 0.773888
1305032379.098076 -0.640763 -0.667059 0.324171 -0.391341 0.495357 -0.056637 0.773477
1305032379.130109 -0.628167 -0.678270 0.323434 -0.391480 0.495197 -0.044055 0.774327
1305032379.162033 -0.611693 -0.689318 0.323276 -0.393998 0.496194 -0.031873 0.773008
1305032379.198104 -0.601367 -0.696720 0.325236 -0.397937 0.500138 -0.018016 0.768885
1305032379.230194 -0.586794 -0.713739 0.333339 -0.398900 0.502569 -0.007706 0.766971
1305032379.262091 -0.574901 -0.722343 0.333538 -0.395218 0.503235 -0.003268 0.768470
1305032379.298124 -0.562855 -0.740915 0.341060 -0.394607 0.500970 -0.000146 0.770269
1305032379.330184 -0.553031 -0.750531 0.344804 -0.391870 0.493615 -0.005148 0.776373
1305032379.362135 -0.540681 -0.760315 0.345686 -0.391422 0.483483 -0.019115 0.782731
1305032379.398082 -0.532790 -0.774720 0.349543 -0.393541 0.476796 -0.030641 0.785400
1305032379.430183 -0.521384 -0.779328 0.353423 -0.399857 0.470001 -0.041748 0.785793
1305032379.462019 -0.515475 -0.786218 0.364470 -0.405134 0.464366 -0.051049 0.785891
1305032379.498116 -0.499078 -0.792432 0.378634 -0.407814 0.455578 -0.064384 0.788664
1305032379.530134 -0.489638 -0.789559 0.392504 -0.403710 0.440913 -0.078591 0.797770
1305032379.562170 -0.489849 -0.797491 0.393468 -0.398637 0.426027 -0.087122 0.807465
1305032379.598236 -0.483334 -0.804263 0.404142 -0.394154 0.418516 -0.087148 0.813568
1305032379.630200 -0.474148 -0.812402 0.408966 -0.391984 0.412464 -0.084432 0.817981
1305032379.662215 -0.473097 -0.812880 0.406363 -0.389239 0.408759 -0.087099 0.820868
1305032379.698218 -0.470260 -0.815432 0.403211 -0.391956 0.405104 -0.092342 0.820813
1305032379.730243 -0.476213 -0.810774 0.402546 -0.394447 0.402057 -0.104899 0.819609
1305032379.762529 -0.478915 -0.822659 0.390247 -0.398515 0.401600 -0.113005 0.816782
1305032379.798231 -0.478125 -0.823330 0.372269 -0.406137 0.405162 -0.115752 0.810862
1305032379.830305 -0.480422 -0.826647 0.357783 -0.413630 0.408810 -0.114210 0.805444
1305032379.862243 -0.478639 -0.823697 0.345413 -0.420430 0.410278 -0.113226 0.801306
1305032379.898138 -0.480135 -0.826989 0.328444 -0.425969 0.411114 -0.111537 0.798182
1305032379.930293 -0.478555 -0.827790 0.316281 -0.431385 0.412781 -0.109384 0.794704
1305032379.962343 -0.477880 -0.828557 0.305563 -0.434603 0.415757 -0.110487 0.791239
1305032379.998300 -0.479778 -0.827327 0.291871 -0.437769 0.420072 -0.110231 0.787240
1305032380.030360 -0.480244 -0.824930 0.285304 -0.442309 0.422720 -0.110088 0.783295
1305032380.062398 -0.482193 -0.821424 0.274323 -0.444597 0.423379 -0.111831 0.781394
1305032380.098304 -0.484229 -0.812902 0.269555 -0.444832 0.423060 -0.109856 0.781713
1305032380.130311 -0.485238 -0.808129 0.262636 -0.444821 0.418898 -0.109434 0.784017
1305032380.162318 -0.486309 -0.802248 0.257922 -0.443350 0.411698 -0.112678 0.788194
1305032380.198396 -0.487888 -0.793383 0.254395 -0.438036 0.403872 -0.118397 0.794352
1305032380.230356 -0.489503 -0.786931 0.246051 -0.431875 0.398443 -0.120855 0.800076
1305032380.262393 -0.488574 -0.778424 0.241398 -0.424875 0.395344 -0.123622 0.804924
1305032380.298557 -0.491418 -0.769390 0.234837 -0.415541 0.394336 -0.115957 0.811405
1305032380.330519 -0.490650 -0.759998 0.225207 -0.408675 0.393771 -0.102007 0.817021
1305032380.362378 -0.487184 -0.745936 0.216899 -0.399010 0.393457 -0.089097 0.823434
1305032380.398355 -0.489291 -0.724461 0.218276 -0.382814 0.392893 -0.079759 0.832302
1305032380.430475 -0.490447 -0.710891 0.208450 -0.368831 0.387286 -0.067897 0.842237
1305032380.462299 -0.478230 -0.699169 0.198811 -0.355323 0.379492 -0.062668 0.851942
1305032380.498445 -0.479115 -0.681533 0.192630 -0.333066 0.375315 -0.063004 0.862691
1305032380.530597 -0.476139 -0.687496 0.183230 -0.328716 0.372525 -0.056448 0.866016
1305032380.562412 -0.472960 -0.660369 0.167336 -0.329264 0.373234 -0.054918 0.865601
1305032380.598350 -0.475152 -0.648972 0.161249 -0.326981 0.377444 -0.058749 0.864389
1305032380.630332 -0.476328 -0.630738 0.153613 -0.324295 0.383197 -0.061929 0.862646
1305032380.662349 -0.473588 -0.614272 0.155063 -0.320355 0.384705 -0.071881 0.862675
1305032380.698289 -0.475002 -0.591873 0.145417 -0.305006 0.382435 -0.082734 0.868257
1305032380.730370 -0.470689 -0.574198 0.141892 -0.292789 0.381023 -0.090954 0.872252
1305032380.762372 -0.464741 -0.565305 0.134105 -0.276389 0.375846 -0.095365 0.879349
1305032380.798301 -0.468865 -0.530381 0.115334 -0.264667 0.378449 -0.088724 0.882528
1305032380.830371 -0.459955 -0.512998 0.105418 -0.265739 0.378599 -0.087964 0.882218
1305032380.862334 -0.457629 -0.509080 0.105085 -0.255961 0.379191 -0.086273 0.885017
1305032380.898284 -0.450336 -0.481928 0.071847 -0.241589 0.377578 -0.086681 0.889694
1305032380.930298 -0.449511 -0.470209 0.062013 -0.232494 0.384212 -0.084107 0.889525
1305032380.962305 -0.441194 -0.453248 0.029855 -0.218114 0.389850 -0.081218 0.890981
1305032380.998378 -0.439880 -0.443083 0.007451 -0.208622 0.397738 -0.079398 0.889931
1305032381.030403 -0.439247 -0.424337 -0.015851 -0.198702 0.407874 -0.074354 0.888047
1305032381.062315 -0.443930 -0.398935 -0.027060 -0.189002 0.418575 -0.066792 0.885783
1305032381.098290 -0.455878 -0.394560 -0.030958 -0.183947 0.428269 -0.056013 0.882956
1305032381.130313 -0.466866 -0.360245 -0.063245 -0.175264 0.436606 -0.043948 0.881321
1305032381.162419 -0.474024 -0.337237 -0.075915 -0.168487 0.446998 -0.028048 0.878076
1305032381.198441 -0.486394 -0.332945 -0.081009 -0.164366 0.456507 -0.008141 0.874368
1305032381.230357 -0.486147 -0.325356 -0.094497 -0.162126 0.459818 0.007987 0.873052
1305032381.262413 -0.497910 -0.316575 -0.093185 -0.162256 0.465088 0.013958 0.870156
1305032381.298382 -0.508078 -0.306195 -0.095502 -0.155240 0.471702 0.020410 0.867745
1305032381.330288 -0.515040 -0.304417 -0.107148 -0.145954 0.475088 0.031101 0.867192
1305032381.362293 -0.525256 -0.278854 -0.123776 -0.137183 0.479300 0.037498 0.866052
1305032381.398352 -0.537311 -0.288761 -0.131472 -0.137195 0.487313 0.043910 0.861264
1305032381.430337 -0.549939 -0.275511 -0.147153 -0.134515 0.496873 0.048017 0.855989
1305032381.462322 -0.556486 -0.275237 -0.154979 -0.130284 0.509170 0.051945 0.849160
1305032381.498437 -0.564194 -0.278702 -0.166669 -0.123383 0.525121 0.054728 0.840256
1305032381.530570 -0.576831 -0.289035 -0.175247 -0.119141 0.538293 0.056718 0.832364
1305032381.562344 -0.583847 -0.299798 -0.174456 -0.112204 0.548300 0.053363 0.827001
1305032381.598331 -0.594741 -0.298449 -0.190515 -0.100883 0.558374 0.050919 0.821857
1305032381.630276 -0.613677 -0.306126 -0.186126 -0.093241 0.568311 0.054749 0.815679
1305032381.662406 -0.620044 -0.312184 -0.195461 -0.083760 0.576528 0.051713 0.811126
1305032381.698379 -0.633089 -0.313648 -0.191514 -0.071035 0.583226 0.047544 0.807800
1305032381.730349 -0.639291 -0.312489 -0.196309 -0.058974 0.583460 0.044361 0.808782
1305032381.762321 -0.640346 -0.312438 -0.206688 -0.050541 0.583110 0.042585 0.809701
1305032381.798267 -0.638615 -0.325221 -0.207460 -0.042111 0.581704 0.039853 0.811331
1305032381.830339 -0.639566 -0.326591 -0.216422 -0.025247 0.579971 0.038295 0.813345
1305032381.862314 -0.641431 -0.323070 -0.225505 -0.009939 0.579004 0.040886 0.814239
1305032381.898313 -0.635461 -0.337531 -0.237911 0.001320 0.580502 0.040764 0.813236
1305032381.930344 -0.633338 -0.345381 -0.242633 0.016839 0.584134 0.033991 0.810771
1305032381.962306 -0.635134 -0.350510 -0.259155 0.032244 0.584311 0.026827 0.810445
1305032381.998299 -0.635411 -0.348960 -0.264854 0.044313 0.588755 0.022792 0.806774
1305032382.030594 -0.637012 -0.348906 -0.273077 0.056237 0.593111 0.020734 0.802887
1305032382.062333 -0.637540 -0.353740 -0.282922 0.067629 0.597066 0.021541 0.799046
1305032382.098407 -0.636045 -0.365652 -0.294853 0.077139 0.599480 0.025530 0.796255
1305032382.130332 -0.638362 -0.358320 -0.309012 0.083344 0.601773 0.027476 0.793831
1305032382.162337 -0.637597 -0.355729 -0.322638 0.084075 0.603277 0.032729 0.792412
1305032382.198300 -0.631225 -0.361384 -0.335819 0.078633 0.603103 0.040590 0.792740
1305032382.230395 -0.622900 -0.357859 -0.347862 0.071578 0.602342 0.044396 0.793782
1305032382.262337 -0.614714 -0.355478 -0.351678 0.059315 0.601309 0.049146 0.795295
1305032382.298388 -0.603665 -0.367337 -0.354859 0.042330 0.597055 0.053528 0.799292
1305032382.330338 -0.585766 -0.366640 -0.359158 0.027579 0.590061 0.054890 0.805018
1305032382.362344 -0.574843 -0.371053 -0.363724 0.007356 0.581082 0.056302 0.811862
1305032382.398302 -0.555300 -0.371143 -0.360527 -0.011029 0.570690 0.059127 0.818960
1305032382.430306 -0.535954 -0.375351 -0.358224 -0.031110 0.558963 0.065023 0.826054
1305032382.462307 -0.506709 -0.388623 -0.364239 -0.054495 0.543317 0.071472 0.834702
1305032382.498305 -0.480230 -0.401570 -0.364523 -0.075282 0.528200 0.076358 0.842322
1305032382.530313 -0.450613 -0.401891 -0.355612 -0.099378 0.511193 0.078749 0.850061
1305032382.562286 -0.401621 -0.426838 -0.351949 -0.114108 0.500333 0.084503 0.854111
1305032382.598353 -0.382409 -0.422203 -0.344365 -0.131716 0.481269 0.078166 0.863088
1305032382.630346 -0.347956 -0.438248 -0.332217 -0.153709 0.460337 0.078026 0.870847
1305032382.662292 -0.323025 -0.457604 -0.309640 -0.171353 0.442287 0.074730 0.877175
1305032382.698317 -0.263401 -0.494568 -0.302201 -0.177188 0.431001 0.078022 0.881337
1305032382.730327 -0.228576 -0.507232 -0.288490 -0.185989 0.417576 0.070131 0.886634
1305032382.762183 -0.208693 -0.527190 -0.268211 -0.202189 0.403675 0.057681 0.890415
1305032382.798300 -0.173490 -0.557451 -0.254095 -0.210546 0.393344 0.045012 0.893826
1305032382.830351 -0.149766 -0.591492 -0.235000 -0.218096 0.380107 0.032953 0.898258
1305032382.862516 -0.139398 -0.606650 -0.208697 -0.231017 0.364042 0.018190 0.902094
1305032382.898275 -0.119929 -0.636255 -0.179771 -0.241910 0.344403 0.007403 0.907089
1305032382.930284 -0.109472 -0.644088 -0.161090 -0.240971 0.326065 -0.003562 0.914113
1305032382.962382 -0.095708 -0.662072 -0.137210 -0.243516 0.309060 -0.007734 0.919305
1305032382.998323 -0.083570 -0.684949 -0.117167 -0.251696 0.288103 -0.011252 0.923861
1305032383.030405 -0.073765 -0.694806 -0.107801 -0.256771 0.269831 -0.013794 0.927938
1305032383.062301 -0.055200 -0.712859 -0.090192 -0.261789 0.254037 -0.013344 0.930996
1305032383.098297 -0.046118 -0.738406 -0.063401 -0.267175 0.239864 -0.020560 0.933092
1305032383.130529 -0.034614 -0.746704 -0.051061 -0.263346 0.224703 -0.023397 0.937875
1305032383.162552 -0.020983 -0.753528 -0.047421 -0.268513 0.206931 -0.023316 0.940498
1305032383.198294 0.004025 -0.757535 -0.048035 -0.280528 0.187271 -0.026484 0.941027
1305032383.231449 0.002145 -0.770432 -0.031663 -0.295998 0.176800 -0.039696 0.937844
1305032383.262330 0.001763 -0.773572 -0.018410 -0.305891 0.168003 -0.053435 0.935602
1305032383.298309 0.011473 -0.781145 -0.003155 -0.308655 0.155298 -0.062391 0.936334
1305032383.330305 0.016206 -0.778189 0.006907 -0.307351 0.138882 -0.070787 0.938742
1305032383.362334 0.020856 -0.787515 0.014163 -0.307358 0.121471 -0.075900 0.940752
1305032383.398286 0.027707 -0.801334 0.021855 -0.308984 0.105109 -0.080728 0.941788
1305032383.430324 0.027126 -0.806864 0.029882 -0.308642 0.092319 -0.088409 0.942550
1305032383.462332 0.040747 -0.811794 0.027674 -0.309195 0.076727 -0.094633 0.943163
1305032383.498344 0.037793 -0.822848 0.033118 -0.310829 0.068142 -0.102150 0.942501
1305032383.530359 0.048821 -0.826713 0.031157 -0.313731 0.060257 -0.106428 0.941602
1305032383.562471 0.037946 -0.841671 0.042561 -0.316071 0.053293 -0.115135 0.940214
1305032383.598345 0.038562 -0.843308 0.041255 -0.307503 0.043305 -0.113779 0.943727
1305032383.630389 0.038918 -0.854338 0.033429 -0.307224 0.032302 -0.107172 0.945031
1305032383.662347 0.030864 -0.853746 0.034621 -0.307268 0.019797 -0.106346 0.945455
1305032383.698408 0.029407 -0.858768 0.032588 -0.308070 0.004137 -0.109208 0.945066
1305032383.730311 0.029459 -0.865060 0.030088 -0.314000 -0.010071 -0.112275 0.942707
1305032383.762295 0.025191 -0.865657 0.034091 -0.321864 -0.022505 -0.115021 0.939504
1305032383.798245 0.023286 -0.869503 0.037086 -0.326241 -0.033000 -0.116881 0.937452
1305032383.830511 0.020999 -0.871638 0.040330 -0.328305 -0.044403 -0.119608 0.935915
1305032383.862397 0.020121 -0.870605 0.040558 -0.328857 -0.054092 -0.120760 0.935064
1305032383.898295 0.021374 -0.871213 0.040705 -0.330490 -0.060871 -0.120438 0.934112
1305032383.930382 0.020827 -0.869122 0.042634 -0.330310 -0.063452 -0.118764 0.934219
1305032383.962464 0.021862 -0.865697 0.040063 -0.330687 -0.064437 -0.114083 0.934601
1305032383.998360 0.023996 -0.862654 0.040021 -0.332722 -0.065296 -0.107845 0.934560
1305032384.030384 0.027705 -0.858509 0.041767 -0.333237 -0.065177 -0.099923 0.935265
1305032384.062390 0.027936 -0.852212 0.043074 -0.332950 -0.065381 -0.093614 0.936005
1305032384.098318 0.036054 -0.848041 0.042294 -0.333278 -0.067351 -0.088168 0.936278
1305032384.130400 0.039514 -0.846279 0.043380 -0.332108 -0.069468 -0.082598 0.937046
1305032384.162395 0.042606 -0.842438 0.040229 -0.329664 -0.069700 -0.075771 0.938468
1305032384.198333 0.045942 -0.841409 0.045932 -0.327217 -0.069894 -0.072123 0.939597
1305032384.230364 0.048711 -0.841607 0.040679 -0.322253 -0.070710 -0.070399 0.941381
1305032384.262262 0.053544 -0.837033 0.041574 -0.317368 -0.071976 -0.067252 0.943172
1305032384.298317 0.052578 -0.837501 0.044026 -0.310076 -0.072562 -0.064119 0.945768
1305032384.330331 0.052738 -0.835476 0.042927 -0.300102 -0.075258 -0.059982 0.949040
1305032384.362345 0.056265 -0.826846 0.033023 -0.291433 -0.076452 -0.055515 0.951914
1305032384.398303 0.065223 -0.816697 0.025467 -0.286862 -0.076097 -0.052821 0.953483
1305032384.431342 0.073400 -0.809528 0.023497 -0.285021 -0.077503 -0.054046 0.953853
1305032384.462609 0.072588 -0.799634 0.018246 -0.282801 -0.079466 -0.059289 0.954041
1305032384.498266 0.079927 -0.789817 0.016353 -0.281805 -0.082461 -0.062019 0.953908
1305032384.530361 0.086728 -0.777870 0.015510 -0.281234 -0.083914 -0.062408 0.953924
1305032384.566265 0.088609 -0.763368 0.009512 -0.279201 -0.086127 -0.062856 0.954295
1305032384.598309 0.092117 -0.748536 0.003646 -0.280808 -0.087250 -0.062867 0.953720
1305032384.630376 0.100106 -0.737167 0.005910 -0.279972 -0.087763 -0.060403 0.954078
1305032384.666270 0.104149 -0.724275 0.002509 -0.276502 -0.086808 -0.054004 0.955560
1305032384.698533 0.111907 -0.708423 0.001059 -0.273568 -0.088528 -0.043365 0.956788
1305032384.730303 0.117882 -0.696327 -0.005035 -0.268465 -0.088915 -0.033873 0.958579
1305032384.766314 0.123930 -0.684897 -0.005443 -0.260319 -0.086327 -0.024587 0.961341
1305032384.798284 0.130240 -0.671464 -0.010563 -0.249428 -0.086139 -0.015364 0.964432
1305032384.830384 0.142906 -0.655462 -0.015215 -0.232854 -0.088933 -0.009435 0.968391
1305032384.866305 0.152714 -0.641266 -0.025534 -0.214391 -0.090030 -0.004834 0.972578
1305032384.898278 0.160215 -0.624570 -0.036916 -0.196585 -0.091771 0.000358 0.976182
1305032384.930358 0.170352 -0.603314 -0.047865 -0.178756 -0.091212 0.005387 0.979642
1305032384.966321 0.178536 -0.586939 -0.056800 -0.163452 -0.089606 0.010382 0.982419
1305032384.998291 0.188389 -0.567759 -0.068772 -0.148733 -0.086663 0.014512 0.984966
1305032385.030348 0.201706 -0.554778 -0.077554 -0.136782 -0.083991 0.018528 0.986860
1305032385.066236 0.202436 -0.539593 -0.093949 -0.122628 -0.080192 0.023899 0.988919
1305032385.098221 0.219212 -0.517451 -0.106668 -0.111957 -0.077493 0.030421 0.990220
1305032385.130368 0.233289 -0.506778 -0.112679 -0.105163 -0.073387 0.035019 0.991125
1305032385.166295 0.251038 -0.488862 -0.126794 -0.093863 -0.069753 0.039761 0.992342
1305032385.198298 0.259030 -0.467668 -0.139198 -0.085970 -0.063485 0.045745 0.993220
1305032385.230529 0.263417 -0.461791 -0.146889 -0.079513 -0.058570 0.048106 0.993948
1305032385.266354 0.277319 -0.444392 -0.154444 -0.067737 -0.056368 0.046999 0.995000
1305032385.298337 0.282205 -0.422048 -0.166613 -0.057928 -0.049699 0.044610 0.996084
1305032385.330400 0.285288 -0.406961 -0.172446 -0.051769 -0.045657 0.040828 0.996779
1305032385.366405 0.293872 -0.393116 -0.181244 -0.044658 -0.043507 0.034599 0.997455
1305032385.398286 0.284001 -0.377268 -0.195518 -0.033129 -0.041560 0.027871 0.998198
1305032385.430290 0.307388 -0.370567 -0.196880 -0.023287 -0.044532 0.019433 0.998547
1305032385.466253 0.319261 -0.332167 -0.195469 -0.012654 -0.047971 0.016440 0.998633
1305032385.498209 0.313588 -0.344160 -0.196002 -0.004598 -0.050456 0.008141 0.998683
1305032385.530304 0.330102 -0.336664 -0.201048 0.011682 -0.056645 0.004909 0.998314
1305032385.566282 0.340556 -0.298695 -0.188928 0.025156 -0.064321 0.001426 0.997611
1305032385.598292 0.340232 -0.273601 -0.186583 0.029604 -0.068742 -0.000305 0.997195
1305032385.630323 0.346459 -0.252794 -0.181998 0.029584 -0.072889 0.000687 0.996901
1305032385.666392 0.342105 -0.247262 -0.177796 0.031023 -0.079725 0.005061 0.996321
1305032385.698221 0.355136 -0.205780 -0.162797 0.037608 -0.089076 0.012706 0.995233
1305032385.730305 0.347619 -0.197434 -0.163287 0.035051 -0.093911 0.019933 0.994764
1305032385.766216 0.343719 -0.195259 -0.162777 0.034937 -0.099636 0.027965 0.994017
1305032385.830307 0.329727 -0.183059 -0.163135 0.031020 -0.097189 0.055847 0.993214
1305032385.866318 0.368746 -0.145109 -0.147010 0.042502 -0.102409 0.069779 0.991381
1305032385.930288 0.362181 -0.121954 -0.144011 0.052781 -0.101370 0.097483 0.988653
1305032385.966310 0.382474 -0.091290 -0.137615 0.059227 -0.103890 0.106067 0.987142
1305032385.998400 0.394819 -0.070004 -0.123118 0.065581 -0.104877 0.112143 0.985963
1305032386.030330 0.391120 -0.062279 -0.128827 0.071454 -0.101360 0.119818 0.985020
1305032386.066256 0.389609 -0.040731 -0.123588 0.073535 -0.099985 0.131544 0.983510
1305032386.130381 0.384177 -0.003606 -0.100218 0.080066 -0.106709 0.148149 0.979926
1305032386.166258 0.392010 0.002411 -0.089601 0.078960 -0.114836 0.151513 0.978582
1305032386.230319 0.391855 0.016558 -0.064035 0.069701 -0.136649 0.160960 0.974967
1305032386.266337 0.380251 0.008305 -0.064623 0.063299 -0.148160 0.161357 0.973656
1305032386.330294 0.386740 0.037605 -0.041734 0.052842 -0.170585 0.162211 0.970462
1305032386.366261 0.388252 0.044150 -0.033022 0.043508 -0.186926 0.155611 0.968995
1305032386.430384 0.391799 0.031276 -0.030693 0.020591 -0.208644 0.140872 0.967574
1305032386.466238 0.395419 0.030550 -0.022981 0.013553 -0.222336 0.128139 0.966418
1305032386.498351 0.400525 0.013325 -0.024999 0.005100 -0.230403 0.117888 0.965914
1305032386.530449 0.396467 -0.002776 -0.018628 0.002229 -0.242318 0.108553 0.964102
1305032386.566270 0.404291 -0.017296 -0.006573 -0.000811 -0.254074 0.095825 0.962426
1305032386.598281 0.403815 -0.038261 -0.010042 -0.006577 -0.262106 0.086275 0.961152
1305032386.630302 0.411889 -0.054263 0.005922 -0.009036 -0.273210 0.078321 0.958718
1305032386.666363 0.418672 -0.079224 0.014785 -0.009988 -0.279012 0.070480 0.957646
1305032386.698268 0.434673 -0.073930 0.026541 -0.010295 -0.285156 0.064916 0.956225
1305032386.730306 0.437644 -0.094046 0.019568 -0.016159 -0.289347 0.057211 0.955376
1305032386.766239 0.448558 -0.100678 0.024553 -0.023453 -0.294179 0.047422 0.954285
1305032386.798231 0.443874 -0.090659 0.032188 -0.028327 -0.296676 0.039746 0.953730
1305032386.830304 0.457796 -0.120021 0.027944 -0.042251 -0.300426 0.027692 0.952466
1305032386.866257 0.477237 -0.116996 0.046552 -0.054031 -0.305453 0.016005 0.950538
1305032386.930353 0.452048 -0.160389 0.010865 -0.094118 -0.300137 -0.001433 0.949241
1305032386.966319 0.485285 -0.154773 0.038032 -0.109707 -0.306533 -0.014090 0.945412
1305032387.030343 0.489071 -0.207506 0.038713 -0.152742 -0.304290 -0.026057 0.939893
1305032387.066271 0.510165 -0.236852 0.053747 -0.164705 -0.309156 -0.033045 0.936057
1305032387.130350 0.530688 -0.263951 0.058671 -0.173241 -0.313531 -0.051439 0.932223
1305032387.166222 0.533239 -0.295868 0.067270 -0.187224 -0.312633 -0.070926 0.928535
1305032387.198268 0.545642 -0.316090 0.078098 -0.194248 -0.311468 -0.080228 0.926725
1305032387.230283 0.551788 -0.337643 0.081363 -0.197119 -0.306815 -0.088469 0.926921
1305032387.298368 0.593266 -0.396588 0.119272 -0.205687 -0.310320 -0.109481 0.921634
1305032387.330577 0.576833 -0.398283 0.105480 -0.208971 -0.299795 -0.122434 0.922748
1305032387.366220 0.583455 -0.410834 0.100852 -0.217805 -0.295874 -0.131169 0.920768
1305032387.398271 0.590514 -0.431483 0.111678 -0.224839 -0.296105 -0.139747 0.917737
1305032387.430273 0.595059 -0.450507 0.116382 -0.229018 -0.295434 -0.145268 0.916061
1305032387.466265 0.597787 -0.462846 0.125892 -0.237930 -0.296853 -0.153093 0.912048
1305032387.498285 0.600787 -0.478603 0.132882 -0.243233 -0.295973 -0.161707 0.909444
1305032387.530295 0.601767 -0.495686 0.140904 -0.244596 -0.298376 -0.168661 0.907027
1305032387.598263 0.600531 -0.517905 0.157592 -0.249966 -0.310040 -0.184755 0.898475
1305032387.630372 0.600959 -0.530348 0.165400 -0.250770 -0.318402 -0.195290 0.893083
1305032387.666258 0.601922 -0.549058 0.172909 -0.253128 -0.328546 -0.206779 0.886130
1305032387.730288 0.596426 -0.576000 0.189112 -0.259948 -0.344236 -0.221386 0.874595
1305032387.766251 0.594072 -0.584135 0.200300 -0.267887 -0.351137 -0.228660 0.867557
1305032387.830291 0.599233 -0.604914 0.217909 -0.288197 -0.359577 -0.245266 0.852931
1305032387.866424 0.590038 -0.608687 0.230227 -0.298020 -0.361521 -0.247961 0.847940
1305032387.898274 0.586038 -0.622100 0.247841 -0.312728 -0.361941 -0.243567 0.843727
1305032387.930296 0.588115 -0.629937 0.247382 -0.327025 -0.360584 -0.240459 0.839770
1305032387.998271 0.579864 -0.649716 0.271529 -0.342590 -0.364824 -0.247287 0.829690
1305032388.030284 0.582077 -0.656453 0.282676 -0.341303 -0.366621 -0.254027 0.827388
1305032388.066278 0.583611 -0.667467 0.298832 -0.343961 -0.370243 -0.261566 0.822310
1305032388.098203 0.577802 -0.680678 0.311464 -0.342359 -0.371801 -0.266084 0.820825
1305032388.130279 0.572761 -0.688143 0.316518 -0.340523 -0.375223 -0.267508 0.819568
1305032388.166206 0.568892 -0.698242 0.327517 -0.337513 -0.380645 -0.267721 0.818242
1305032388.198299 0.567394 -0.712440 0.339301 -0.335418 -0.385558 -0.266814 0.817099
1305032388.230288 0.571039 -0.721728 0.340521 -0.333506 -0.387688 -0.265135 0.817420
1305032388.266264 0.569592 -0.734407 0.348764 -0.334619 -0.390161 -0.262517 0.816633
1305032388.298267 0.567504 -0.741870 0.364784 -0.337820 -0.393804 -0.258110 0.814969
1305032388.330289 0.564539 -0.753526 0.371990 -0.337761 -0.395562 -0.253412 0.815616
1305032388.366200 0.561239 -0.764896 0.384755 -0.337244 -0.399286 -0.247625 0.815794
1305032388.398324 0.561762 -0.773918 0.393005 -0.336922 -0.401503 -0.241893 0.816558
1305032388.430353 0.559830 -0.779479 0.402001 -0.336645 -0.403192 -0.235779 0.817628
1305032388.466360 0.559066 -0.787912 0.411878 -0.335211 -0.405072 -0.232745 0.818156
1305032388.498314 0.557319 -0.796337 0.423861 -0.332247 -0.409035 -0.232245 0.817536
1305032388.530317 0.553295 -0.803872 0.432363 -0.327949 -0.413649 -0.232268 0.816943
1305032388.566433 0.546638 -0.806335 0.439229 -0.324354 -0.419933 -0.233556 0.814802
1305032388.598102 0.540161 -0.820475 0.446514 -0.323389 -0.425324 -0.236172 0.811629
1305032388.630638 0.538263 -0.821671 0.460331 -0.316878 -0.432473 -0.241619 0.808811
1305032388.666463 0.533664 -0.834749 0.467245 -0.314792 -0.436662 -0.248266 0.805355
1305032388.698276 0.524668 -0.848274 0.471309 -0.315625 -0.439280 -0.259745 0.799966
1305032388.730300 0.519190 -0.855307 0.473757 -0.317096 -0.441639 -0.270181 0.794611
1305032388.766466 0.502448 -0.865475 0.483235 -0.320192 -0.443480 -0.280095 0.788892
1305032388.798291 0.491379 -0.869228 0.490508 -0.321905 -0.446794 -0.286752 0.783916
1305032388.830274 0.479771 -0.877667 0.504357 -0.325766 -0.450419 -0.290016 0.779031
1305032388.866265 0.463212 -0.871741 0.513944 -0.324834 -0.454962 -0.290572 0.776569
1305032388.898315 0.453121 -0.878671 0.519817 -0.323722 -0.459488 -0.292415 0.773672
1305032388.966222 0.440958 -0.878077 0.531988 -0.319519 -0.470000 -0.295601 0.767873
1305032388.998435 0.431648 -0.882153 0.541603 -0.319293 -0.474480 -0.293657 0.765955
1305032389.030354 0.419748 -0.890716 0.548167 -0.319580 -0.479296 -0.294459 0.762521
1305032389.066283 0.417977 -0.886406 0.554994 -0.316492 -0.487060 -0.296875 0.757938
1305032389.098475 0.409794 -0.888902 0.558398 -0.311652 -0.493077 -0.302654 0.753756
1305032389.130339 0.401377 -0.893572 0.567625 -0.310225 -0.497459 -0.306223 0.750015
1305032389.166249 0.402332 -0.895678 0.573758 -0.308397 -0.502502 -0.310492 0.745639
1305032389.198192 0.390052 -0.887159 0.577010 -0.302677 -0.506975 -0.313526 0.743683
1305032389.230352 0.387012 -0.887825 0.580817 -0.297427 -0.511340 -0.317608 0.741076
1305032389.266261 0.387538 -0.887144 0.579768 -0.293494 -0.516953 -0.320568 0.737467
1305032389.298468 0.388794 -0.884461 0.583186 -0.289356 -0.524565 -0.323707 0.732338
1305032389.330364 0.388624 -0.881190 0.587669 -0.286125 -0.530293 -0.324803 0.728988
1305032389.366289 0.394653 -0.881813 0.589862 -0.285156 -0.533916 -0.326117 0.726132
1305032389.398221 0.400029 -0.880653 0.596787 -0.286465 -0.537292 -0.327390 0.722545
1305032389.430273 0.400680 -0.874815 0.605455 -0.285542 -0.541829 -0.327795 0.719331
1305032389.466345 0.401667 -0.871437 0.611078 -0.283446 -0.546291 -0.325959 0.717617
1305032389.498274 0.406360 -0.869092 0.612005 -0.283214 -0.549498 -0.325809 0.715325
1305032389.530390 0.413134 -0.867091 0.617374 -0.283612 -0.552058 -0.327178 0.712566
1305032389.566312 0.416669 -0.863367 0.627812 -0.283118 -0.553718 -0.327146 0.711489
1305032389.598318 0.424601 -0.857863 0.628705 -0.281491 -0.556196 -0.327239 0.710157
1305032389.630446 0.429864 -0.858860 0.636096 -0.283106 -0.559473 -0.326856 0.707111
1305032389.666311 0.428558 -0.853754 0.641380 -0.283349 -0.560468 -0.324211 0.707444
1305032389.698354 0.429331 -0.841082 0.645599 -0.279343 -0.561900 -0.318515 0.710481
1305032389.730325 0.439111 -0.835436 0.648447 -0.276294 -0.564387 -0.313808 0.711796
1305032389.766305 0.445589 -0.833837 0.656541 -0.274140 -0.566789 -0.310034 0.712374
1305032389.798350 0.447782 -0.829042 0.662156 -0.270319 -0.568225 -0.303960 0.715302
1305032389.830333 0.454657 -0.821079 0.662086 -0.266115 -0.569683 -0.294958 0.719474
1305032389.866297 0.464853 -0.816942 0.670038 -0.263461 -0.571807 -0.287551 0.721762
1305032389.898298 0.458531 -0.816871 0.673856 -0.257358 -0.573745 -0.283096 0.724182
1305032389.930390 0.468013 -0.804531 0.673030 -0.243734 -0.581982 -0.277593 0.724454
1305032389.966584 0.474108 -0.792612 0.673135 -0.230553 -0.590997 -0.270392 0.724194
1305032389.998160 0.477715 -0.781322 0.675437 -0.219620 -0.599981 -0.262271 0.723190
1305032390.030360 0.482624 -0.775012 0.675233 -0.205616 -0.610551 -0.256829 0.720409
1305032390.066362 0.486353 -0.774365 0.684159 -0.198311 -0.617792 -0.251347 0.718214
1305032390.098296 0.499786 -0.767933 0.676025 -0.192649 -0.618763 -0.246863 0.720470
1305032390.130365 0.498062 -0.749578 0.678461 -0.185765 -0.621142 -0.240470 0.722390
1305032390.166283 0.498971 -0.741723 0.685771 -0.180480 -0.623803 -0.231633 0.724323
1305032390.198282 0.504723 -0.737291 0.681409 -0.176191 -0.624400 -0.226176 0.726585
1305032390.230411 0.506582 -0.716320 0.678660 -0.166948 -0.624730 -0.219255 0.730595
1305032390.266217 0.509466 -0.703010 0.679268 -0.159215 -0.624820 -0.207911 0.735543
1305032390.298276 0.514099 -0.697081 0.679020 -0.154404 -0.624910 -0.199005 0.738947
1305032390.330278 0.516236 -0.684152 0.676723 -0.149025 -0.623610 -0.187754 0.744077
1305032390.366126 0.521299 -0.677619 0.675350 -0.147671 -0.623441 -0.177313 0.747044
1305032390.398300 0.524327 -0.665262 0.679181 -0.143619 -0.625984 -0.166552 0.748183
1305032390.430297 0.524772 -0.662056 0.684379 -0.139781 -0.628949 -0.157928 0.748294
1305032390.466247 0.528482 -0.651459 0.689847 -0.134178 -0.631463 -0.149938 0.748846
1305032390.498379 0.524290 -0.651815 0.677209 -0.132924 -0.630819 -0.144224 0.750731
1305032390.566260 0.534297 -0.628110 0.692325 -0.122068 -0.635956 -0.125603 0.751587
1305032390.598269 0.535332 -0.616184 0.690047 -0.117730 -0.636442 -0.116132 0.753389
1305032390.630354 0.533978 -0.608827 0.698116 -0.113474 -0.637425 -0.106996 0.754562
1305032390.666360 0.536609 -0.606767 0.687942 -0.107808 -0.634645 -0.098902 0.758829
1305032390.698339 0.536264 -0.609591 0.691470 -0.104628 -0.634889 -0.093976 0.759696
1305032390.730324 0.539334 -0.605692 0.695301 -0.102993 -0.635826 -0.088517 0.759791
1305032390.766286 0.544429 -0.596440 0.696403 -0.102094 -0.635428 -0.083215 0.760844
1305032390.798308 0.550565 -0.592986 0.699904 -0.104166 -0.635532 -0.080029 0.760818
1305032390.830359 0.550340 -0.575399 0.703235 -0.104170 -0.635608 -0.076425 0.761125
1305032390.866336 0.555204 -0.563765 0.714704 -0.103022 -0.637738 -0.070818 0.760041
1305032390.898311 0.557686 -0.559253 0.721489 -0.103575 -0.639074 -0.066777 0.759209
1305032390.930353 0.562276 -0.535234 0.734331 -0.099555 -0.641339 -0.061308 0.758298
1305032390.966292 0.559681 -0.540737 0.743487 -0.096550 -0.643570 -0.057068 0.757126
1305032390.998365 0.556625 -0.520790 0.761536 -0.086345 -0.649149 -0.048666 0.754177
1305032391.030566 0.567570 -0.501751 0.759999 -0.081189 -0.651656 -0.044521 0.752842
1305032391.066281 0.571099 -0.489404 0.754063 -0.081497 -0.650399 -0.042241 0.754026
1305032391.098310 0.567205 -0.476644 0.772081 -0.083548 -0.653509 -0.037333 0.751367
1305032391.130361 0.562654 -0.459996 0.783367 -0.078580 -0.657857 -0.031723 0.748360
1305032391.166263 0.567061 -0.453899 0.783478 -0.075609 -0.659840 -0.027661 0.747080
1305032391.198275 0.572433 -0.437666 0.786839 -0.074903 -0.660450 -0.022762 0.746778
1305032391.230301 0.573058 -0.419189 0.793107 -0.075151 -0.661699 -0.015264 0.745838
1305032391.266335 0.570796 -0.402248 0.792145 -0.074197 -0.662711 -0.008461 0.745142
1305032391.298278 0.575826 -0.399707 0.806843 -0.076465 -0.665551 -0.004915 0.742408
1305032391.330276 0.574397 -0.378689 0.806060 -0.077802 -0.667026 0.002198 0.740957
1305032391.366253 0.574593 -0.369655 0.802163 -0.080757 -0.667362 0.008590 0.740292
1305032391.398298 0.577840 -0.365530 0.818610 -0.084697 -0.670625 0.012583 0.736838
1305032391.430307 0.577579 -0.352149 0.827542 -0.088294 -0.674137 0.017089 0.733111
1305032391.466196 0.583035 -0.361098 0.837693 -0.095002 -0.677197 0.019389 0.729385
1305032391.498122 0.585917 -0.347328 0.835520 -0.100088 -0.677318 0.023302 0.728477
1305032391.530302 0.573972 -0.303005 0.803282 -0.097746 -0.673066 0.031296 0.732427
1305032391.566367 0.571962 -0.303939 0.805367 -0.102444 -0.673524 0.038982 0.730993
1305032391.598147 0.578967 -0.301050 0.831879 -0.107709 -0.677483 0.044113 0.726271
1305032391.630273 0.577041 -0.289837 0.827606 -0.111170 -0.677753 0.048793 0.725198
1305032391.666362 0.571421 -0.260957 0.840959 -0.111986 -0.681657 0.054689 0.720979
1305032391.698346 0.568806 -0.261776 0.834970 -0.118580 -0.683656 0.057538 0.717804
1305032391.730278 0.572027 -0.259455 0.833238 -0.124240 -0.685922 0.055456 0.714842
1305032391.766303 0.567896 -0.241106 0.826238 -0.124506 -0.686226 0.053751 0.714635
1305032391.798157 0.571586 -0.251326 0.815090 -0.131293 -0.683956 0.053997 0.715577
1305032391.830252 0.569794 -0.245187 0.807923 -0.137633 -0.679475 0.052675 0.718746
1305032391.866276 0.565423 -0.226099 0.799683 -0.137674 -0.674410 0.053026 0.723467
1305032391.898229 0.562775 -0.215433 0.792951 -0.136596 -0.670849 0.056057 0.726747
1305032391.930429 0.565891 -0.234389 0.808626 -0.141995 -0.670518 0.054386 0.726144
1305032391.966414 0.555036 -0.229069 0.813538 -0.142035 -0.671172 0.050626 0.725804
