# TF Coordinate Frame ID: openni_rgb_optical_frame(data: openni_rgb_optical_frame)
1305032353.993165 -0.028158 -0.114705 -0.260166 0.029900 0.114470 0.006435 0.992956
1305032354.057249 -0.024385 -0.123764 -0.261873 0.010050 0.117750 0.001013 0.992992
1305032354.093194 -0.021370 -0.133572 -0.264151 0.000780 0.114941 0.001377 0.993371
1305032354.125261 -0.034239 -0.121395 -0.262985 -0.011363 0.119108 -0.002086 0.992814
1305032354.157308 -0.035025 -0.126524 -0.270659 -0.026471 0.122587 0.002337 0.992102
1305032354.193245 -0.033707 -0.157286 -0.269364 -0.044487 0.123537 0.011451 0.991276
1305032354.225326 -0.034644 -0.155221 -0.274393 -0.055341 0.125715 0.013883 0.990424
1305032354.257317 -0.024127 -0.193804 -0.275041 -0.075330 0.125911 0.019048 0.988994
1305032354.293299 -0.015455 -0.255250 -0.274898 -0.090911 0.125998 0.020530 0.987643
1305032354.325326 -0.006442 -0.271714 -0.275887 -0.096206 0.123868 0.017189 0.987474
1305032354.357420 -0.008345 -0.290756 -0.274703 -0.102572 0.124057 0.012190 0.986884
1305032354.394078 -0.007816 -0.322559 -0.274956 -0.109656 0.123408 0.007355 0.986252
1305032354.457427 -0.011192 -0.349489 -0.289967 -0.120713 0.123442 -0.000145 0.984982
1305032354.493265 -0.018934 -0.352928 -0.289170 -0.129841 0.126508 -0.001880 0.983429
1305032354.525430 -0.018891 -0.380534 -0.293436 -0.142794 0.130138 0.001702 0.981158
1305032354.557471 -0.025611 -0.390207 -0.297730 -0.157815 0.135913 0.006930 0.978046
1305032354.593446 -0.017604 -0.403832 -0.302810 -0.174058 0.138599 0.016704 0.974790
1305032354.625455 -0.018433 -0.419906 -0.305846 -0.186186 0.142057 0.027880 0.971791
1305032354.657511 -0.015128 -0.431159 -0.300828 -0.197365 0.144367 0.036212 0.968965
1305032354.693491 -0.014596 -0.446050 -0.305365 -0.207138 0.144231 0.044521 0.966597
1305032354.725481 -0.012139 -0.457264 -0.304216 -0.218070 0.141514 0.049808 0.964333
1305032354.757506 -0.007753 -0.471838 -0.302531 -0.229566 0.136508 0.050700 0.962338
1305032354.793541 -0.006281 -0.483575 -0.296059 -0.236557 0.132825 0.048739 0.961261
1305032354.825638 -0.002301 -0.493642 -0.292010 -0.241589 0.127953 0.044835 0.960860
1305032354.857806 0.001964 -0.510473 -0.300802 -0.248492 0.123389 0.041065 0.959865
1305032354.893584 0.004921 -0.524435 -0.298637 -0.256388 0.118802 0.036730 0.958542
1305032354.925606 0.006750 -0.539047 -0.300625 -0.264194 0.112866 0.033274 0.957265
1305032354.957696 0.013323 -0.555675 -0.302056 -0.277420 0.105345 0.026875 0.954577
1305032354.993644 0.017437 -0.565970 -0.301103 -0.282529 0.100355 0.017998 0.953825
1305032355.025740 0.021760 -0.576433 -0.302799 -0.296038 0.094189 0.012015 0.950445
1305032355.057739 0.026060 -0.589801 -0.296333 -0.311003 0.086576 -0.000300 0.946458
1305032355.093693 0.027656 -0.606190 -0.297163 -0.319653 0.077128 -0.011279 0.944323
1305032355.126036 0.033835 -0.625106 -0.294808 -0.329183 0.064446 -0.019563 0.941861
1305032355.157776 0.033024 -0.632011 -0.291887 -0.339284 0.051631 -0.023781 0.938965
1305032355.193731 0.037190 -0.642775 -0.286363 -0.351648 0.037032 -0.029776 0.934926
1305032355.226048 0.035180 -0.654743 -0.273325 -0.361486 0.022878 -0.035628 0.931415
1305032355.258300 0.037187 -0.659394 -0.271687 -0.366153 0.005061 -0.038184 0.929757
1305032355.293834 0.040858 -0.681480 -0.258471 -0.372124 -0.013889 -0.040634 0.927189
1305032355.325951 0.041847 -0.688875 -0.251814 -0.375364 -0.031770 -0.041773 0.925391
1305032355.357924 0.052970 -0.698161 -0.241729 -0.381253 -0.048568 -0.041120 0.922278
1305032355.393862 0.059406 -0.709088 -0.232076 -0.383611 -0.065102 -0.043467 0.920171
1305032355.426175 0.070242 -0.713228 -0.224670 -0.382038 -0.079631 -0.049425 0.919382
1305032355.458105 0.078584 -0.723303 -0.214716 -0.382018 -0.091968 -0.054671 0.917941
1305032355.493906 0.094186 -0.726763 -0.198694 -0.378229 -0.108628 -0.055057 0.917666
1305032355.526033 0.094762 -0.735846 -0.202146 -0.374196 -0.120659 -0.057492 0.917667
1305032355.558083 0.108052 -0.739078 -0.194755 -0.370952 -0.133452 -0.056098 0.917299
1305032355.593965 0.120735 -0.745372 -0.191399 -0.369727 -0.143311 -0.056183 0.916301
1305032355.626009 0.148527 -0.736119 -0.173896 -0.365756 -0.152735 -0.055417 0.916419
1305032355.658217 0.159271 -0.752294 -0.163318 -0.362214 -0.157214 -0.058298 0.916889
1305032355.693969 0.175494 -0.764087 -0.155203 -0.360118 -0.165143 -0.055749 0.916480
1305032355.726186 0.195640 -0.762184 -0.149816 -0.353502 -0.174394 -0.054906 0.917392
1305032355.758127 0.217884 -0.764224 -0.142699 -0.344825 -0.180237 -0.052695 0.919692
1305032355.794028 0.213012 -0.794160 -0.173438 -0.346643 -0.173797 -0.054806 0.920125
1305032355.826208 0.249033 -0.776425 -0.139925 -0.341124 -0.176211 -0.058926 0.921473
1305032355.858151 0.278722 -0.783030 -0.111963 -0.318326 -0.177013 -0.065652 0.928991
1305032355.894072 0.303805 -0.805417 -0.117406 -0.304225 -0.177238 -0.074485 0.932998
1305032355.926240 0.284237 -0.830325 -0.166315 -0.300068 -0.169074 -0.084445 0.935009
1305032355.960142 0.280122 -0.841722 -0.199191 -0.305177 -0.162650 -0.080599 0.934835
1305032355.994102 0.284581 -0.848699 -0.205164 -0.315841 -0.159227 -0.076010 0.932263
1305032356.026405 0.300918 -0.843091 -0.190129 -0.326467 -0.168233 -0.065453 0.927811
1305032356.058305 0.305327 -0.856766 -0.177282 -0.330385 -0.177466 -0.055869 0.925327
1305032356.094166 0.322147 -0.851153 -0.167741 -0.324733 -0.191016 -0.047474 0.925099
1305032356.126384 0.343162 -0.844479 -0.176974 -0.323397 -0.200173 -0.044977 0.923754
1305032356.158192 0.359542 -0.846202 -0.175549 -0.324035 -0.214820 -0.051881 0.919871
1305032356.194205 0.369570 -0.849232 -0.157128 -0.323125 -0.223645 -0.064997 0.917251
1305032356.226397 0.395228 -0.829481 -0.128085 -0.309495 -0.236926 -0.074991 0.917854
1305032356.258136 0.390518 -0.831077 -0.118442 -0.297083 -0.245603 -0.082865 0.918996
1305032356.294287 0.390797 -0.840402 -0.148865 -0.288232 -0.243073 -0.087277 0.922074
1305032356.326174 0.406818 -0.825934 -0.146431 -0.287379 -0.249482 -0.082125 0.921101
1305032356.358126 0.396981 -0.807700 -0.139685 -0.280266 -0.253260 -0.070621 0.923214
1305032356.394266 0.399311 -0.785645 -0.125982 -0.265889 -0.264688 -0.062847 0.924821
1305032356.426275 0.400834 -0.784408 -0.130574 -0.249103 -0.268102 -0.059321 0.928736
1305032356.458392 0.415905 -0.779633 -0.118752 -0.234611 -0.275019 -0.061273 0.930359
1305032356.494313 0.421864 -0.770884 -0.106583 -0.222232 -0.279252 -0.062059 0.932084
1305032356.526317 0.453847 -0.771260 -0.080728 -0.208847 -0.285811 -0.066465 0.932887
1305032356.562184 0.458400 -0.763597 -0.082844 -0.193370 -0.282008 -0.076511 0.936603
1305032356.594216 0.467305 -0.770359 -0.078236 -0.182373 -0.280353 -0.089874 0.938118
1305032356.626255 0.485064 -0.794147 -0.063002 -0.181910 -0.279235 -0.104317 0.937046
1305032356.662128 0.480694 -0.749108 -0.077890 -0.167687 -0.271358 -0.106221 0.941787
1305032356.694251 0.486490 -0.729605 -0.072854 -0.156004 -0.269524 -0.105654 0.944382
1305032356.727811 0.493879 -0.734202 -0.073261 -0.151589 -0.267017 -0.103042 0.946100
1305032356.762124 0.495624 -0.703726 -0.076681 -0.137535 -0.263169 -0.099191 0.949730
1305032356.794439 0.505519 -0.701798 -0.073550 -0.132812 -0.261784 -0.095896 0.951123
1305032356.826332 0.507449 -0.673725 -0.074329 -0.120692 -0.260239 -0.089278 0.953802
1305032356.862093 0.517103 -0.645214 -0.081213 -0.105005 -0.262216 -0.075080 0.956337
1305032356.894157 0.528905 -0.624502 -0.073359 -0.099396 -0.266306 -0.069332 0.956240
1305032356.926430 0.542176 -0.595690 -0.069874 -0.096406 -0.269416 -0.058443 0.956402
1305032356.962104 0.537228 -0.570909 -0.074614 -0.094708 -0.271756 -0.043467 0.956708
1305032356.994344 0.552875 -0.550531 -0.065724 -0.093728 -0.277572 -0.030739 0.955628
1305032357.026198 0.555124 -0.540762 -0.068525 -0.094094 -0.280388 -0.021111 0.955031
1305032357.062032 0.558061 -0.522210 -0.061328 -0.089856 -0.285370 -0.011341 0.954129
1305032357.094119 0.559160 -0.495911 -0.058866 -0.082398 -0.293367 -0.002581 0.952439
1305032357.126181 0.562769 -0.489617 -0.052352 -0.077546 -0.302886 0.004870 0.949854
1305032357.162138 0.569925 -0.471455 -0.053065 -0.072708 -0.307845 0.008614 0.948615
1305032357.194135 0.575228 -0.450377 -0.051171 -0.069500 -0.311442 0.012875 0.947633
1305032357.226208 0.569785 -0.451138 -0.048507 -0.064567 -0.316951 0.021519 0.945997
1305032357.262119 0.594585 -0.418420 -0.039554 -0.051277 -0.322757 0.027151 0.944702
1305032357.294359 0.595359 -0.382304 -0.043758 -0.039061 -0.319426 0.034013 0.946195
1305032357.326423 0.610509 -0.372767 -0.041747 -0.036681 -0.320259 0.042295 0.945674
1305032357.362141 0.613880 -0.337788 -0.044652 -0.027751 -0.320544 0.053559 0.945311
1305032357.394180 0.614790 -0.317675 -0.052165 -0.024248 -0.318786 0.057181 0.945789
1305032357.426241 0.616194 -0.296108 -0.055886 -0.026987 -0.315960 0.061827 0.946371
1305032357.462161 0.619425 -0.271133 -0.058448 -0.029364 -0.316033 0.072149 0.945545
1305032357.494175 0.623561 -0.239125 -0.059394 -0.033113 -0.315028 0.080348 0.945095
1305032357.526138 0.628217 -0.232277 -0.064916 -0.041819 -0.312114 0.087902 0.945044
1305032357.562096 0.633243 -0.222011 -0.067385 -0.047449 -0.310031 0.094030 0.944874
1305032357.594163 0.638078 -0.210758 -0.071925 -0.050458 -0.309032 0.097846 0.944658
1305032357.626377 0.637385 -0.184366 -0.076969 -0.052347 -0.306991 0.097990 0.945206
1305032357.662521 0.647191 -0.186687 -0.081653 -0.061512 -0.305196 0.096606 0.945378
1305032357.694376 0.645417 -0.181590 -0.091661 -0.067485 -0.300716 0.096593 0.946407
1305032357.726393 0.651534 -0.166197 -0.090823 -0.070562 -0.296484 0.095359 0.947642
1305032357.762121 0.655788 -0.156778 -0.101675 -0.075849 -0.290559 0.093918 0.949211
1305032357.794161 0.659461 -0.152038 -0.098071 -0.079538 -0.285308 0.091466 0.950740
1305032357.826324 0.664969 -0.143375 -0.103545 -0.081110 -0.280540 0.088022 0.952350
1305032357.862505 0.668177 -0.127213 -0.109284 -0.085018 -0.273096 0.083769 0.954554
1305032357.894124 0.664714 -0.131952 -0.115374 -0.089079 -0.264200 0.081276 0.956900
1305032357.926354 0.665401 -0.132464 -0.124739 -0.087238 -0.254262 0.081411 0.959746
1305032357.962026 0.664630 -0.127424 -0.127216 -0.083792 -0.248001 0.085066 0.961373
1305032357.994307 0.656273 -0.109928 -0.131749 -0.077615 -0.244911 0.084347 0.962746
1305032358.026118 0.654662 -0.098270 -0.130661 -0.069565 -0.241924 0.086922 0.963887
1305032358.062141 0.646148 -0.099256 -0.129499 -0.058795 -0.239312 0.092699 0.964717
1305032358.094314 0.642809 -0.092720 -0.130700 -0.050062 -0.236672 0.091123 0.966011
1305032358.126463 0.627690 -0.091662 -0.122512 -0.035777 -0.236766 0.092674 0.966475
1305032358.162196 0.624913 -0.093337 -0.121805 -0.022148 -0.237226 0.094383 0.966605
1305032358.194216 0.615361 -0.086339 -0.121635 -0.010732 -0.238366 0.094154 0.966541
1305032358.226169 0.603780 -0.085914 -0.107958 0.002483 -0.241296 0.097181 0.965570
1305032358.262242 0.593773 -0.080062 -0.110814 0.015806 -0.244078 0.100939 0.964358
1305032358.294169 0.592429 -0.064817 -0.104669 0.022062 -0.248383 0.105630 0.962633
1305032358.326228 0.574348 -0.071771 -0.096606 0.031347 -0.252005 0.110929 0.960836
1305032358.362036 0.565804 -0.066378 -0.094973 0.037849 -0.255384 0.116090 0.959098
1305032358.394045 0.563982 -0.024835 -0.087501 0.042371 -0.264339 0.120861 0.955888
1305032358.425953 0.549637 -0.036989 -0.083547 0.043886 -0.271907 0.119507 0.953865
1305032358.462021 0.551138 -0.033480 -0.074390 0.049218 -0.279504 0.118924 0.951479
1305032358.494091 0.560321 0.012122 -0.067089 0.048839 -0.283124 0.119853 0.950311
1305032358.526638 0.551351 0.024598 -0.069604 0.043799 -0.282753 0.120808 0.950546
1305032358.562103 0.552306 0.028654 -0.066125 0.040801 -0.281668 0.120341 0.951061
1305032358.594031 0.556089 0.021483 -0.067534 0.035678 -0.279888 0.122122 0.951565
1305032358.626292 0.558858 0.029044 -0.067197 0.031672 -0.279932 0.120984 0.951839
1305032358.661907 0.558287 0.024954 -0.068354 0.029421 -0.279634 0.119145 0.952231
1305032358.694080 0.559258 0.017086 -0.067646 0.027940 -0.280211 0.119711 0.952035
1305032358.726315 0.557233 0.014709 -0.070347 0.026537 -0.279893 0.120784 0.952033
1305032358.762028 0.563992 -0.004024 -0.066925 0.027588 -0.283046 0.121903 0.950928
1305032358.794035 0.567400 -0.022579 -0.066666 0.029238 -0.287264 0.120732 0.949762
1305032358.826156 0.565330 -0.018778 -0.065723 0.034155 -0.293195 0.118060 0.948120
1305032358.862241 0.574662 -0.041823 -0.070158 0.034847 -0.301366 0.115156 0.945887
1305032358.894464 0.582197 -0.056489 -0.063983 0.039428 -0.306737 0.113036 0.944235
1305032358.926427 0.581084 -0.047588 -0.067021 0.042400 -0.310268 0.110553 0.943246
1305032358.962241 0.582471 -0.077673 -0.071026 0.036542 -0.314289 0.108871 0.942356
1305032358.994407 0.591963 -0.079801 -0.075100 0.037159 -0.320329 0.099882 0.941293
1305032359.026158 0.607677 -0.084555 -0.074411 0.029117 -0.326447 0.092362 0.940241
1305032359.062253 0.609105 -0.077484 -0.082324 0.022265 -0.326113 0.077305 0.941902
1305032359.094092 0.633020 -0.086216 -0.074889 0.013340 -0.329424 0.067937 0.941640
1305032359.126199 0.638749 -0.099629 -0.080315 0.003659 -0.328070 0.059843 0.942749
1305032359.162210 0.645709 -0.112421 -0.086984 -0.006963 -0.324203 0.051136 0.944579
1305032359.194261 0.659462 -0.112515 -0.088958 -0.015975 -0.322113 0.042170 0.945627
1305032359.226273 0.680250 -0.177661 -0.095752 -0.037326 -0.319389 0.029477 0.946429
1305032359.262098 0.688074 -0.191871 -0.106545 -0.055888 -0.313312 0.024410 0.947690
1305032359.294269 0.693597 -0.198863 -0.107926 -0.073148 -0.307780 0.016950 0.948490
1305032359.326149 0.703731 -0.221586 -0.110541 -0.087487 -0.305215 0.006495 0.948234
1305032359.362167 0.709662 -0.243788 -0.113072 -0.103437 -0.302464 -0.002614 0.947528
1305032359.394278 0.715576 -0.267212 -0.115430 -0.119218 -0.299350 -0.009688 0.946616
1305032359.426269 0.720796 -0.292995 -0.111762 -0.132507 -0.298553 -0.016496 0.945006
1305032359.462531 0.723459 -0.311093 -0.112434 -0.140214 -0.297657 -0.028421 0.943892
1305032359.494170 0.724194 -0.325274 -0.116594 -0.150685 -0.295842 -0.037914 0.942515
1305032359.526344 0.727678 -0.356324 -0.109578 -0.160768 -0.296427 -0.043676 0.940413
1305032359.561974 0.731075 -0.374268 -0.102463 -0.166101 -0.297426 -0.046524 0.939034
1305032359.593965 0.731833 -0.389011 -0.104324 -0.179173 -0.294482 -0.049885 0.937384
1305032359.626579 0.730040 -0.411818 -0.096347 -0.195907 -0.290766 -0.050613 0.935155
1305032359.662143 0.731711 -0.428932 -0.092102 -0.209127 -0.289270 -0.051177 0.932722
1305032359.694113 0.728992 -0.455011 -0.082336 -0.223325 -0.289934 -0.056422 0.928914
1305032359.727003 0.723493 -0.473949 -0.074911 -0.230806 -0.293179 -0.062420 0.925677
1305032359.762020 0.723840 -0.488710 -0.065797 -0.238898 -0.298581 -0.064911 0.921718
1305032359.794035 0.725452 -0.504196 -0.053980 -0.248264 -0.301801 -0.071361 0.917708
1305032359.826141 0.724823 -0.522019 -0.040934 -0.255137 -0.303971 -0.078186 0.914545
1305032359.861990 0.720747 -0.535912 -0.037831 -0.263295 -0.305727 -0.083618 0.911161
1305032359.894154 0.718699 -0.554841 -0.021747 -0.271155 -0.308054 -0.088901 0.907565
1305032359.926260 0.720278 -0.569149 -0.014255 -0.278000 -0.312538 -0.096730 0.903150
1305032359.962016 0.714941 -0.578876 -0.005380 -0.285339 -0.317472 -0.106009 0.898084
1305032359.994161 0.710976 -0.596329 0.006970 -0.294432 -0.322824 -0.115232 0.892085
1305032360.026214 0.710625 -0.609146 0.011710 -0.305828 -0.328382 -0.126906 0.884607
1305032360.062208 0.705991 -0.620582 0.026570 -0.316506 -0.334907 -0.138008 0.876707
1305032360.094178 0.704921 -0.631110 0.040226 -0.328379 -0.342599 -0.149220 0.867483
1305032360.126153 0.698775 -0.640345 0.054145 -0.338672 -0.350382 -0.159326 0.858574
1305032360.162096 0.693735 -0.646674 0.067326 -0.346371 -0.360111 -0.167874 0.849803
1305032360.194272 0.684860 -0.655797 0.086504 -0.352162 -0.369763 -0.178179 0.841136
1305032360.226425 0.682644 -0.664882 0.105484 -0.356620 -0.379147 -0.187853 0.832935
1305032360.262218 0.673913 -0.673010 0.121237 -0.359592 -0.388188 -0.195058 0.825806
1305032360.294155 0.660240 -0.676443 0.136505 -0.357352 -0.401078 -0.201195 0.819119
1305032360.326447 0.650386 -0.691161 0.163917 -0.353719 -0.415162 -0.208461 0.811830
1305032360.362033 0.635903 -0.698262 0.178852 -0.346075 -0.426512 -0.215617 0.807359
1305032360.394240 0.639140 -0.704494 0.188503 -0.339818 -0.441094 -0.221607 0.800531
1305032360.426246 0.631991 -0.719455 0.202836 -0.338002 -0.452024 -0.232236 0.792146
1305032360.462086 0.617504 -0.731039 0.218521 -0.336416 -0.459127 -0.243376 0.785363
1305032360.494117 0.608884 -0.735940 0.229308 -0.331878 -0.465503 -0.252479 0.780653
1305032360.526058 0.603585 -0.749350 0.244758 -0.330652 -0.470507 -0.259777 0.775763
1305032360.562042 0.576552 -0.759417 0.261729 -0.330559 -0.475335 -0.264805 0.771146
1305032360.594303 0.572491 -0.758069 0.269415 -0.323052 -0.482256 -0.270731 0.767966
1305032360.626168 0.552262 -0.767864 0.280309 -0.317031 -0.487216 -0.276618 0.765241
1305032360.662151 0.534547 -0.771408 0.287908 -0.302507 -0.497216 -0.283110 0.762309
1305032360.694073 0.523488 -0.774561 0.303204 -0.287113 -0.508161 -0.288142 0.759153
1305032360.726267 0.500128 -0.776730 0.301925 -0.265597 -0.515831 -0.294749 0.759276
1305032360.762184 0.488028 -0.784097 0.305905 -0.251671 -0.525407 -0.293191 0.758055
1305032360.794210 0.474055 -0.781950 0.305521 -0.241491 -0.533377 -0.286843 0.758230
1305032360.826192 0.461075 -0.790036 0.305707 -0.238419 -0.540113 -0.277223 0.758012
1305032360.862084 0.463258 -0.803918 0.311982 -0.237388 -0.548298 -0.269826 0.755123
1305032360.894309 0.467711 -0.811383 0.320452 -0.237147 -0.556073 -0.270620 0.749206
1305032360.926229 0.454872 -0.810648 0.324628 -0.235391 -0.560967 -0.277967 0.743399
1305032360.962184 0.437719 -0.798076 0.331161 -0.228935 -0.567882 -0.280308 0.739274
1305032360.994081 0.425722 -0.806221 0.321064 -0.227982 -0.572837 -0.280981 0.735481
1305032361.026412 0.433650 -0.809321 0.321903 -0.231372 -0.579496 -0.281733 0.728889
1305032361.062613 0.430931 -0.803642 0.334469 -0.234881 -0.585488 -0.286080 0.721244
1305032361.094085 0.419845 -0.790310 0.343152 -0.234143 -0.591652 -0.288922 0.715297
1305032361.126224 0.408410 -0.780982 0.353625 -0.226365 -0.601187 -0.290496 0.709186
1305032361.162028 0.402770 -0.767165 0.365235 -0.214653 -0.612646 -0.285785 0.704923
1305032361.194805 0.391963 -0.765202 0.377243 -0.200131 -0.623531 -0.283553 0.700539
1305032361.226328 0.393427 -0.757016 0.377247 -0.183875 -0.630372 -0.279113 0.700655
1305032361.262093 0.401646 -0.754826 0.383501 -0.171249 -0.640090 -0.273764 0.697146
1305032361.294099 0.408152 -0.751787 0.385011 -0.160968 -0.648808 -0.269718 0.693101
1305032361.326219 0.422420 -0.753912 0.371034 -0.157085 -0.652587 -0.268701 0.690836
1305032361.362098 0.428334 -0.746362 0.374954 -0.155775 -0.657299 -0.267716 0.687037
1305032361.394120 0.442707 -0.731348 0.382086 -0.150222 -0.665908 -0.264931 0.681037
1305032361.426392 0.449987 -0.733871 0.383974 -0.149547 -0.670840 -0.269537 0.674507
1305032361.462374 0.466489 -0.712546 0.419029 -0.143100 -0.678646 -0.266930 0.669111
1305032361.494238 0.474065 -0.702942 0.417685 -0.140291 -0.679062 -0.264507 0.670246
1305032361.526056 0.497544 -0.684043 0.453910 -0.132570 -0.689625 -0.262700 0.661689
1305032361.562110 0.509103 -0.664533 0.471752 -0.119836 -0.697979 -0.256295 0.657858
1305032361.594263 0.527531 -0.649340 0.486547 -0.105354 -0.703974 -0.250074 0.656341
1305032361.626125 0.541128 -0.639584 0.498204 -0.094336 -0.707712 -0.245607 0.655684
1305032361.662057 0.556525 -0.625238 0.513158 -0.081039 -0.710973 -0.236758 0.657188
1305032361.694201 0.571789 -0.612346 0.526976 -0.068792 -0.712237 -0.225750 0.661078
1305032361.726243 0.588350 -0.604839 0.527195 -0.060604 -0.710644 -0.214390 0.667344
1305032361.762065 0.595459 -0.653283 0.490499 -0.067272 -0.700877 -0.209270 0.678566
1305032361.793966 0.615305 -0.635895 0.470207 -0.071992 -0.690012 -0.197922 0.692479
1305032361.826451 0.627267 -0.631018 0.495944 -0.079537 -0.685109 -0.190245 0.698646
1305032361.862158 0.644110 -0.621393 0.495520 -0.085778 -0.677523 -0.186911 0.706165
1305032361.894163 0.646854 -0.609894 0.494536 -0.091281 -0.672628 -0.182009 0.711416
1305032361.926270 0.647985 -0.577597 0.514735 -0.094610 -0.670847 -0.173152 0.714865
1305032361.962071 0.656090 -0.536388 0.534746 -0.084749 -0.675293 -0.154442 0.716201
1305032361.994272 0.677801 -0.549826 0.510800 -0.091466 -0.672837 -0.147029 0.719240
1305032362.026445 0.681784 -0.536624 0.506618 -0.097919 -0.670574 -0.148778 0.720144
1305032362.062429 0.681599 -0.507849 0.519515 -0.099096 -0.669018 -0.140254 0.723135
1305032362.094264 0.684484 -0.492483 0.516872 -0.107465 -0.665267 -0.126435 0.727932
1305032362.126366 0.687938 -0.475703 0.539205 -0.110407 -0.666089 -0.115377 0.728577
1305032362.162089 0.699454 -0.446075 0.545146 -0.113979 -0.665073 -0.102045 0.730940
1305032362.194357 0.704767 -0.438247 0.562855 -0.116157 -0.669239 -0.096020 0.727604
1305032362.226182 0.708311 -0.419637 0.563545 -0.116261 -0.670705 -0.089977 0.727010
1305032362.262104 0.715272 -0.410940 0.575491 -0.120795 -0.673462 -0.085009 0.724314
1305032362.294204 0.722781 -0.375836 0.586654 -0.122418 -0.678292 -0.076688 0.720454
1305032362.326223 0.722215 -0.357516 0.599012 -0.121470 -0.683526 -0.070957 0.716242
1305032362.362125 0.727319 -0.337975 0.619896 -0.121460 -0.692465 -0.062971 0.708360
1305032362.396276 0.721290 -0.318052 0.627168 -0.118869 -0.699543 -0.058877 0.702170
1305032362.426284 0.722023 -0.293719 0.644515 -0.114328 -0.707323 -0.050234 0.695773
1305032362.462140 0.722255 -0.279052 0.649498 -0.110108 -0.712202 -0.045597 0.691784
1305032362.494238 0.723269 -0.263045 0.662217 -0.110348 -0.717679 -0.039565 0.686436
1305032362.526267 0.719523 -0.239949 0.672702 -0.107125 -0.723428 -0.036389 0.681067
1305032362.562001 0.720216 -0.226887 0.684753 -0.102792 -0.727929 -0.034686 0.677016
1305032362.594165 0.709444 -0.206242 0.685742 -0.098951 -0.730747 -0.025772 0.674947
1305032362.626096 0.714881 -0.221255 0.658527 -0.101927 -0.728257 -0.022218 0.677317
1305032362.662324 0.712939 -0.210043 0.658367 -0.108105 -0.729770 -0.019484 0.674811
1305032362.694131 0.710189 -0.198981 0.686163 -0.109906 -0.736169 -0.018024 0.667571
1305032362.726009 0.706946 -0.178626 0.682328 -0.113846 -0.739527 -0.013853 0.663285
1305032362.762257 0.698488 -0.153260 0.680505 -0.112508 -0.741842 -0.008030 0.661021
1305032362.794154 0.690474 -0.133725 0.679616 -0.112459 -0.742968 0.001269 0.659811
1305032362.826077 0.686982 -0.119090 0.681184 -0.109032 -0.744671 0.009143 0.658403
1305032362.862131 0.682726 -0.109774 0.680708 -0.107569 -0.745555 0.017230 0.657479
1305032362.894197 0.680966 -0.094694 0.682671 -0.103514 -0.747915 0.023842 0.655240
1305032362.926069 0.678413 -0.082122 0.686083 -0.096255 -0.750456 0.028484 0.653253
1305032362.962141 0.671310 -0.065619 0.693755 -0.088426 -0.750814 0.035331 0.653613
1305032362.994111 0.666898 -0.065257 0.688543 -0.082542 -0.749229 0.047869 0.655402
1305032363.026024 0.664808 -0.055038 0.692530 -0.071506 -0.748569 0.061371 0.656326
1305032363.061883 0.667794 -0.050489 0.694698 -0.063891 -0.744608 0.069611 0.660781
1305032363.094055 0.663866 -0.040005 0.690531 -0.057303 -0.740471 0.083538 0.664410
1305032363.126578 0.663425 -0.033353 0.688560 -0.046900 -0.738897 0.095612 0.665349
1305032363.162144 0.663957 -0.028045 0.686036 -0.038993 -0.735957 0.100610 0.668374
1305032363.194513 0.663555 -0.020056 0.676359 -0.033738 -0.732755 0.111027 0.670526
1305032363.226280 0.664091 -0.010093 0.680887 -0.030947 -0.733240 0.123840 0.667881
1305032363.263114 0.664764 0.001536 0.684446 -0.027352 -0.733526 0.129282 0.666692
1305032363.294225 0.664950 0.005400 0.682097 -0.021321 -0.733299 0.131368 0.666754
1305032363.326272 0.666888 0.011421 0.677047 -0.017977 -0.730628 0.137549 0.668535
1305032363.361941 0.670395 0.023024 0.677356 -0.015680 -0.725702 0.144833 0.672409
1305032363.394083 0.668804 0.030189 0.676709 -0.013858 -0.722799 0.155540 0.673184
1305032363.426162 0.673171 0.045394 0.672734 -0.012675 -0.721273 0.159779 0.673851
1305032363.462820 0.675054 0.055055 0.677520 -0.014887 -0.719599 0.160353 0.675457
1305032363.494026 0.676005 0.066345 0.675221 -0.014249 -0.718185 0.163493 0.676222
1305032363.526415 0.682611 0.067936 0.672199 -0.021189 -0.717206 0.162515 0.677315
1305032363.562139 0.684931 0.083795 0.679409 -0.029513 -0.717609 0.163445 0.676352
1305032363.594144 0.677907 0.096776 0.684410 -0.035158 -0.718874 0.171617 0.672704
1305032363.626354 0.677569 0.112256 0.680334 -0.035704 -0.720036 0.171908 0.671358
1305032363.662136 0.675278 0.115187 0.689491 -0.042341 -0.723016 0.177481 0.666300
1305032363.694070 0.667401 0.127382 0.693558 -0.041585 -0.727374 0.179804 0.660960
1305032363.726086 0.667624 0.125538 0.694528 -0.039896 -0.732016 0.179624 0.655970
1305032363.762284 0.666382 0.120964 0.701232 -0.034069 -0.735667 0.179847 0.652142
1305032363.794030 0.660910 0.120342 0.713949 -0.029998 -0.738135 0.186754 0.647596
1305032363.826380 0.662309 0.116864 0.719793 -0.020841 -0.737617 0.189266 0.647815
1305032363.862068 0.661884 0.109046 0.728447 -0.014872 -0.736638 0.199002 0.646175
1305032363.894033 0.661352 0.114959 0.725682 -0.007854 -0.736538 0.205750 0.644295
1305032363.926407 0.659259 0.119681 0.732789 -0.006744 -0.741073 0.206308 0.638907
1305032363.962119 0.658368 0.107387 0.742721 0.003599 -0.745029 0.201240 0.635941
1305032363.994050 0.660312 0.103301 0.741762 0.006676 -0.745970 0.203938 0.633951
1305032364.026025 0.662010 0.097867 0.744770 0.008532 -0.747986 0.202349 0.632059
1305032364.062120 0.660348 0.077938 0.759350 0.011732 -0.751637 0.200073 0.628391
1305032364.094057 0.667572 0.076743 0.763102 0.010716 -0.755669 0.205530 0.621778
1305032364.126909 0.665288 0.069882 0.756595 0.014080 -0.759058 0.199861 0.619426
1305032364.162092 0.664987 0.062394 0.750958 0.017458 -0.766231 0.197190 0.611311
1305032364.194217 0.665243 0.055340 0.751644 0.017814 -0.774465 0.188359 0.603662
1305032364.226629 0.666364 0.051500 0.758700 0.016503 -0.784820 0.174464 0.594431
1305032364.262242 0.666937 0.034693 0.759871 0.014820 -0.794502 0.162523 0.584922
1305032364.294072 0.671741 0.019063 0.763235 0.015781 -0.802743 0.150332 0.576850
1305032364.326102 0.674121 0.005365 0.762243 0.012603 -0.810902 0.136738 0.568842
1305032364.362134 0.668705 -0.001543 0.773059 0.012390 -0.819311 0.120299 0.560450
1305032364.394077 0.667525 -0.013061 0.779677 0.010059 -0.826522 0.103293 0.553255
1305032364.426015 0.667008 -0.022532 0.784857 0.009597 -0.833708 0.084971 0.545544
1305032364.462091 0.660924 -0.028028 0.793304 0.011599 -0.841339 0.064897 0.536472
1305032364.494035 0.660287 -0.061278 0.798906 0.010751 -0.846399 0.041317 0.530835
1305032364.526202 0.662298 -0.092339 0.797714 0.012839 -0.850683 0.020843 0.525108
1305032364.562323 0.663516 -0.135067 0.803101 0.011589 -0.854206 -0.000645 0.519805
1305032364.594171 0.661631 -0.155338 0.814405 0.016744 -0.855529 -0.016932 0.517206
1305032364.626031 0.658392 -0.176497 0.824710 0.018942 -0.856031 -0.030384 0.515682
1305032364.662222 0.660575 -0.201497 0.821836 0.015412 -0.855771 -0.042132 0.515406
1305032364.694036 0.649703 -0.230986 0.845473 0.016146 -0.856176 -0.060559 0.512869
1305032364.726019 0.643238 -0.236922 0.854408 0.014821 -0.855329 -0.074939 0.512423
1305032364.762093 0.637035 -0.249221 0.868761 0.009318 -0.854881 -0.094488 0.510062
1305032364.793964 0.634048 -0.259287 0.867715 0.010112 -0.851176 -0.111809 0.512733
1305032364.826005 0.630385 -0.255088 0.874662 0.014511 -0.849371 -0.117641 0.514315
1305032364.862289 0.632765 -0.271628 0.860117 0.018851 -0.849926 -0.127198 0.510971
1305032364.894665 0.614988 -0.317477 0.887366 0.019237 -0.853078 -0.140932 0.502021
1305032364.926087 0.619779 -0.332635 0.875716 0.016747 -0.851998 -0.150058 0.501301
1305032364.962073 0.616663 -0.326194 0.879235 -0.017586 0.853528 0.154687 -0.497244
1305032364.994009 0.603083 -0.360596 0.876187 -0.012874 0.854890 0.164004 -0.492037
1305032365.026354 0.597971 -0.387245 0.877922 -0.011434 0.856132 0.171868 -0.487206
1305032365.062031 0.589229 -0.403074 0.880483 -0.011270 0.857223 0.179318 -0.482583
1305032365.094068 0.576107 -0.412117 0.884927 -0.011842 0.857934 0.187300 -0.478255
1305032365.126212 0.564966 -0.422740 0.892268 -0.011638 0.858611 0.198090 -0.472665
1305032365.162014 0.555792 -0.440547 0.886616 -0.012971 0.858611 0.210240 -0.467352
1305032365.194029 0.548446 -0.454528 0.888659 -0.018475 0.859216 0.218701 -0.462143
1305032365.226143 0.539073 -0.465784 0.885904 -0.025754 0.859902 0.227427 -0.456271
1305032365.262990 0.527049 -0.479656 0.889874 -0.029971 0.861644 0.234940 -0.448859
1305032365.294066 0.520736 -0.491292 0.892514 -0.030780 0.863062 0.242743 -0.441874
1305032365.326046 0.509085 -0.500876 0.889964 -0.034834 0.864563 0.249370 -0.434893
1305032365.362017 0.500784 -0.508725 0.889503 -0.040650 0.865948 0.253444 -0.429242
1305032365.394019 0.495826 -0.518049 0.897674 -0.043317 0.866983 0.259873 -0.423001
1305032365.426099 0.483789 -0.528987 0.893506 -0.045048 0.867902 0.266731 -0.416618
1305032365.462022 0.482686 -0.529302 0.887815 -0.049075 0.869715 0.268911 -0.410943
1305032365.494036 0.476270 -0.540979 0.887449 -0.048020 0.872035 0.273011 -0.403378
1305032365.526240 0.470162 -0.545658 0.887524 -0.047891 0.874067 0.273952 -0.398326
1305032365.562023 0.468886 -0.549037 0.880921 -0.051080 0.876583 0.274063 -0.392278
1305032365.594024 0.466257 -0.558589 0.880982 -0.053618 0.880746 0.272515 -0.383597
1305032365.626188 0.468945 -0.566315 0.876565 -0.057462 0.884176 0.271841 -0.375545
1305032365.662032 0.463029 -0.571360 0.881962 -0.058773 0.886693 0.273631 -0.368032
1305032365.694005 0.457749 -0.577038 0.880272 -0.060336 0.888362 0.275103 -0.362617
1305032365.726094 0.453940 -0.583717 0.874623 -0.062838 0.890987 0.274931 -0.355818
1305032365.762013 0.452552 -0.588859 0.868636 -0.066132 0.894925 0.270789 -0.348438
1305032365.794129 0.443282 -0.593305 0.877447 -0.066586 0.897803 0.267523 -0.343435
1305032365.826278 0.442699 -0.604913 0.870977 -0.065610 0.899459 0.266208 -0.340297
1305032365.862061 0.435719 -0.607779 0.868182 -0.066078 0.902654 0.260243 -0.336337
1305032365.894133 0.437572 -0.607287 0.861712 -0.062905 0.905915 0.252415 -0.334137
1305032365.930067 0.423228 -0.619612 0.867210 -0.057621 0.908881 0.246844 -0.331185
1305032365.962046 0.417025 -0.620644 0.864410 -0.052209 0.911432 0.238388 -0.331266
1305032365.994060 0.418326 -0.614490 0.855561 -0.046750 0.914180 0.227050 -0.332472
1305032366.030066 0.407352 -0.622580 0.854929 -0.041949 0.916987 0.222292 -0.328576
1305032366.062122 0.392765 -0.630592 0.857325 -0.038255 0.919686 0.213862 -0.327074
1305032366.094052 0.403701 -0.642984 0.860917 -0.032123 0.919062 0.213842 -0.329492
1305032366.130072 0.398309 -0.666467 0.861603 -0.031392 0.916119 0.229512 -0.327207
1305032366.162008 0.385176 -0.650602 0.855946 -0.049314 0.914548 0.235725 -0.324967
1305032366.194013 0.379780 -0.662527 0.841355 -0.063856 0.912475 0.241678 -0.323889
1305032366.230053 0.387463 -0.674262 0.840952 -0.068620 0.910170 0.250959 -0.322339
1305032366.262058 0.383433 -0.688433 0.826954 -0.070122 0.909253 0.261186 -0.316424
1305032366.294059 0.378321 -0.692833 0.820411 -0.068452 0.910370 0.266760 -0.308836
1305032366.330143 0.373331 -0.696804 0.818932 -0.064509 0.909618 0.276930 -0.302892
1305032366.362039 0.363190 -0.708881 0.812015 -0.068539 0.907986 0.286755 -0.297717
1305032366.394005 0.361289 -0.710131 0.800503 -0.073182 0.907586 0.291706 -0.292984
1305032366.430032 0.359933 -0.709324 0.794148 -0.076832 0.906596 0.298098 -0.288648
1305032366.461993 0.350794 -0.717777 0.788417 -0.079943 0.905678 0.306229 -0.282100
1305032366.494101 0.347110 -0.721535 0.773751 -0.084463 0.905770 0.309787 -0.276547
1305032366.530048 0.345827 -0.720971 0.768285 -0.090498 0.906919 0.310970 -0.269455
1305032366.561989 0.342107 -0.722791 0.759704 -0.097443 0.908319 0.313523 -0.259162
1305032366.594003 0.337795 -0.715209 0.758002 -0.100929 0.911215 0.313309 -0.247667
1305032366.630014 0.339268 -0.718390 0.757622 -0.104342 0.912389 0.318728 -0.234672
1305032366.662972 0.334878 -0.717503 0.753677 -0.108003 0.913151 0.324306 -0.222071
1305032366.694106 0.332175 -0.710906 0.748965 -0.110323 0.914068 0.326799 -0.213332
1305032366.730115 0.335052 -0.705013 0.739500 -0.110702 0.915783 0.325010 -0.208459
1305032366.762112 0.331780 -0.701905 0.745366 -0.107833 0.919213 0.323281 -0.197254
1305032366.793956 0.327008 -0.697694 0.747452 -0.104971 0.921375 0.323288 -0.188502
1305032366.830030 0.325102 -0.696550 0.742312 -0.109456 0.922743 0.322845 -0.179822
1305032366.862172 0.319756 -0.694045 0.748518 -0.113516 0.924576 0.321015 -0.170946
1305032366.894254 0.322458 -0.687996 0.754152 -0.112818 0.926083 0.320283 -0.164504
1305032366.929969 0.315226 -0.682994 0.759459 -0.113707 0.926847 0.321463 -0.157119
1305032366.962015 0.314494 -0.685556 0.753635 -0.117684 0.927801 0.319881 -0.151698
1305032366.994018 0.309753 -0.686226 0.756567 -0.119438 0.930786 0.312627 -0.147094
1305032367.030022 0.309636 -0.684145 0.766173 -0.118146 0.933802 0.304771 -0.145499
1305032367.062114 0.306597 -0.683956 0.778710 -0.116883 0.936621 0.297003 -0.144461
1305032367.094130 0.302639 -0.680281 0.788845 -0.114823 0.939499 0.288398 -0.144856
1305032367.130285 0.297515 -0.677305 0.799908 -0.112848 0.942080 0.280044 -0.146036
1305032367.162083 0.290362 -0.672074 0.810925 -0.111621 0.944504 0.270957 -0.148440
1305032367.193961 0.289203 -0.668890 0.826191 -0.111225 0.945664 0.263271 -0.155040
1305032367.230032 0.282738 -0.666922 0.839429 -0.111232 0.946582 0.256526 -0.160635
1305032367.262270 0.278584 -0.654734 0.848495 -0.110427 0.949561 0.243196 -0.164302
1305032367.293982 0.277640 -0.648983 0.869781 -0.110668 0.950500 0.236798 -0.168017
1305032367.330063 0.264998 -0.647003 0.885444 -0.113133 0.950332 0.235544 -0.169086
1305032367.362109 0.258431 -0.645908 0.879502 -0.117196 0.951897 0.223909 -0.173267
1305032367.393996 0.252820 -0.628976 0.894643 -0.120720 0.954924 0.207381 -0.174757
1305032367.430145 0.255912 -0.626683 0.908487 -0.123067 0.955730 0.200839 -0.176349
1305032367.462005 0.253788 -0.621035 0.911579 -0.122420 0.958316 0.188793 -0.176071
1305032367.494767 0.248387 -0.611412 0.918687 -0.120894 0.961560 0.174634 -0.174038
1305032367.530124 0.241885 -0.604395 0.927083 -0.122711 0.963935 0.164325 -0.169615
1305032367.562098 0.237273 -0.596313 0.940341 -0.120963 0.965947 0.156186 -0.167091
1305032367.594518 0.228427 -0.583546 0.954354 -0.118346 0.967274 0.152676 -0.164518
1305032367.629988 0.212768 -0.582812 0.958631 -0.118797 0.968643 0.149854 -0.158627
1305032367.662173 0.203493 -0.575693 0.964098 -0.122563 0.969289 0.145715 -0.155639
1305032367.694493 0.205236 -0.563773 0.968255 -0.125099 0.969437 0.143338 -0.154910
1305032367.730004 0.205889 -0.541529 0.971633 -0.126267 0.970433 0.138716 -0.151905
1305032367.762020 0.196451 -0.531086 0.978281 -0.123069 0.972138 0.134515 -0.147336
1305032367.794824 0.186803 -0.523348 0.984143 -0.119434 0.973387 0.132850 -0.143545
1305032367.829935 0.176974 -0.508444 0.989728 -0.117462 0.974839 0.128263 -0.139428
1305032367.861953 0.166601 -0.500963 0.989112 -0.115625 0.976525 0.122615 -0.134147
1305032367.894023 0.151132 -0.485005 1.000437 -0.113790 0.978335 0.115568 -0.128671
1305032367.930098 0.139282 -0.466395 1.004756 -0.113619 0.979593 0.107014 -0.126635
1305032367.962109 0.132527 -0.460832 1.002259 -0.114250 0.980968 0.098196 -0.122497
1305032367.994871 0.115198 -0.455462 0.999615 -0.116265 0.982671 0.088554 -0.114007
1305032368.030371 0.106897 -0.445391 1.004125 -0.115374 0.984656 0.078169 -0.105033
1305032368.062044 0.090714 -0.431926 1.002787 -0.116971 0.986333 0.065835 -0.095557
1305032368.094693 0.080706 -0.415810 1.004978 -0.116058 0.988132 0.049502 -0.087606
1305032368.129978 0.069079 -0.410036 1.011695 -0.119192 0.989154 0.039887 -0.075999
1305032368.162148 0.061425 -0.392154 1.010580 -0.120722 0.990185 0.026271 -0.065341
1305032368.194071 0.048740 -0.386705 1.020058 -0.120732 0.991132 0.016985 -0.052845
1305032368.230066 0.037403 -0.365572 1.012506 -0.124190 0.991383 0.001466 -0.041656
1305032368.263367 0.031032 -0.357976 1.027567 -0.125745 0.991476 -0.007474 -0.033291
1305032368.294047 0.028972 -0.339836 1.030438 -0.122396 0.991967 -0.017007 -0.027026
1305032368.330048 0.021946 -0.328854 1.028872 -0.122965 0.991881 -0.024718 -0.020989
1305032368.362001 0.014662 -0.315202 1.031629 -0.128452 0.990970 -0.034036 -0.017863
1305032368.394058 0.018281 -0.304070 1.037091 -0.126705 0.990856 -0.043145 -0.016984
1305032368.430004 0.018815 -0.286269 1.033177 -0.127373 0.990465 -0.050124 -0.015609
1305032368.462392 0.020460 -0.277375 1.028305 -0.136382 0.989100 -0.053395 -0.015200
1305032368.494404 0.000002 -0.246933 1.027688 -0.137389 0.987432 -0.077152 -0.012230
1305032368.529995 0.024414 -0.254966 1.023832 -0.133039 0.986071 -0.099037 -0.012537
1305032368.561932 0.032122 -0.231296 1.030515 -0.134776 0.984407 -0.110530 -0.023706
1305032368.594184 0.026566 -0.214050 1.028530 -0.131302 0.982710 -0.126142 -0.033607
1305032368.629997 0.013839 -0.224757 1.039563 -0.121683 0.981865 -0.140365 -0.037846
1305032368.662766 0.020338 -0.218700 1.050633 -0.109353 0.981727 -0.149310 -0.044274
1305032368.693889 0.002723 -0.196870 1.041208 -0.094634 0.981385 -0.160449 -0.046726
1305032368.730133 -0.024609 -0.193375 1.042889 -0.081221 0.980904 -0.171344 -0.043275
1305032368.762354 -0.033421 -0.189625 1.033301 -0.067851 0.981416 -0.175652 -0.036954
1305032368.794467 -0.040285 -0.172541 1.028699 -0.058326 0.981770 -0.178389 -0.030056
1305032368.830009 -0.058209 -0.148197 1.021743 -0.051821 0.981907 -0.180922 -0.020968
1305032368.862362 -0.063685 -0.150061 1.022032 -0.047928 0.981924 -0.182706 -0.012146
1305032368.894072 -0.059680 -0.128842 1.024542 -0.044346 0.981494 -0.186082 -0.008764
1305032368.929945 -0.064687 -0.096081 1.016226 -0.039647 0.979939 -0.195185 -0.007124
1305032368.961860 -0.062520 -0.085083 1.017981 -0.032629 0.978774 -0.202236 -0.006191
1305032368.993887 -0.058136 -0.111284 1.028198 -0.027653 0.978970 -0.202008 -0.006759
1305032369.030203 -0.067747 -0.068749 1.010270 -0.024933 0.975936 -0.216506 -0.007288
1305032369.062500 -0.059119 -0.061445 1.027448 -0.014834 0.973993 -0.225846 -0.010516
1305032369.093984 -0.065777 -0.037575 1.008991 -0.008215 0.972278 -0.233307 -0.013283
1305032369.130062 -0.096333 -0.031594 0.991926 -0.001883 0.971074 -0.238680 -0.006653
1305032369.162492 -0.097819 -0.037340 0.997835 0.004800 0.970993 -0.239034 -0.003525
1305032369.194412 -0.099913 -0.030618 0.989723 0.007342 0.970736 -0.240034 -0.000658
1305032369.230045 -0.108418 -0.028244 0.985426 0.011159 0.970545 -0.240619 0.004448
1305032369.262268 -0.107320 -0.029298 0.988770 0.015186 0.970734 -0.239545 0.007944
1305032369.294529 -0.108656 -0.014037 0.988981 0.017719 0.969906 -0.242703 0.007938
1305032369.330151 -0.118783 -0.007513 0.985323 0.023256 0.968913 -0.246067 0.010856
1305032369.361966 -0.140674 -0.003738 0.977160 0.028431 0.967589 -0.250351 0.016931
1305032369.394056 -0.130458 -0.016144 0.991743 0.034254 0.965216 -0.258598 0.017672
1305032369.430090 -0.130370 -0.030679 1.000603 0.033108 0.965673 -0.256821 0.020561
1305032369.461995 -0.127112 -0.044375 0.992979 0.035578 0.966558 -0.252769 0.024657
1305032369.493998 -0.125854 -0.032295 0.995279 0.040774 0.966264 -0.252641 0.029067
1305032369.529992 -0.127569 -0.030523 0.992873 0.041580 0.967074 -0.248805 0.033700
1305032369.562004 -0.125985 -0.027906 0.994315 0.039418 0.968604 -0.242631 0.037183
1305032369.594020 -0.117673 -0.024004 0.997258 0.036847 0.971016 -0.232994 0.038528
1305032369.630023 -0.124341 -0.019563 0.996077 0.036113 0.973307 -0.222927 0.040893
1305032369.661969 -0.117337 -0.015744 0.997531 0.037698 0.974237 -0.218798 0.039616
1305032369.694099 -0.116705 -0.020606 1.005168 0.035418 0.976046 -0.211159 0.038631
1305032369.730198 -0.119880 -0.032633 1.012838 0.029954 0.977594 -0.204948 0.037543
1305032369.762450 -0.105629 -0.023554 1.025125 0.024893 0.978730 -0.201037 0.032432
1305032369.794261 -0.097982 -0.024255 1.032660 0.021262 0.979896 -0.196620 0.026312
1305032369.830429 -0.107512 -0.020580 1.045475 0.016086 0.981337 -0.190365 0.021931
1305032369.862627 -0.104454 -0.017939 1.054111 0.012090 0.982707 -0.184234 0.014087
1305032369.894360 -0.101127 -0.019557 1.061340 0.008867 0.983937 -0.178218 0.005277
1305032369.930423 -0.102687 -0.014269 1.071185 0.006159 0.984890 -0.173068 -0.001017
1305032369.962111 -0.104978 -0.010314 1.081206 0.001868 0.986063 -0.166233 -0.006598
1305032369.994395 -0.103333 -0.004236 1.080673 -0.000765 0.987019 -0.160191 -0.011453
1305032370.029908 -0.111548 -0.002183 1.081106 -0.004912 0.987649 -0.156079 -0.012851
1305032370.062358 -0.101737 -0.002500 1.093726 -0.008861 0.988344 -0.151156 -0.015771
1305032370.094132 -0.102256 0.000161 1.104319 -0.009074 0.989587 -0.142661 -0.016824
1305032370.130815 -0.099371 0.003192 1.113940 -0.011772 0.990894 -0.132721 -0.019394
1305032370.164340 -0.096674 0.003093 1.119485 -0.011248 0.991954 -0.124171 -0.021961
1305032370.193920 -0.092671 0.007136 1.133171 -0.011491 0.992691 -0.117499 -0.025014
1305032370.230502 -0.090919 0.009315 1.138172 -0.010497 0.993239 -0.112152 -0.028083
1305032370.262034 -0.085851 0.016811 1.151291 -0.009659 0.993751 -0.106743 -0.031161
1305032370.293927 -0.087090 0.016239 1.156425 -0.010786 0.994433 -0.099706 -0.032320
1305032370.330168 -0.087559 0.019834 1.162611 -0.011555 0.994816 -0.095844 -0.031964
1305032370.362172 -0.083415 0.023572 1.171696 -0.012984 0.995260 -0.090615 -0.032838
1305032370.393973 -0.088372 0.012953 1.175095 -0.015563 0.995697 -0.084555 -0.034572
1305032370.430165 -0.093489 0.018469 1.177793 -0.015204 0.995589 -0.084991 -0.036707
1305032370.462710 -0.088940 0.025264 1.193353 -0.015230 0.995563 -0.083212 -0.041198
1305032370.494212 -0.089497 0.025957 1.199742 -0.016471 0.995665 -0.079759 -0.044920
1305032370.530368 -0.089365 0.023084 1.203848 -0.017107 0.995811 -0.076456 -0.047135
1305032370.562129 -0.087495 0.033218 1.209727 -0.019506 0.995947 -0.072319 -0.049781
1305032370.594668 -0.085183 0.035003 1.214736 -0.023818 0.996360 -0.062705 -0.052600
1305032370.630616 -0.088620 0.033601 1.216623 -0.027379 0.996723 -0.053783 -0.053868
1305032370.662501 -0.088844 0.037232 1.217757 -0.029640 0.996796 -0.047602 -0.057030
1305032370.694752 -0.091018 0.038229 1.225982 -0.032889 0.996693 -0.041017 -0.061963
1305032370.730453 -0.090059 0.034765 1.223681 -0.033330 0.996563 -0.037608 -0.065851
1305032370.762387 -0.090112 0.032650 1.229373 -0.033633 0.996408 -0.035257 -0.069258
1305032370.794212 -0.086796 0.040212 1.235282 -0.035637 0.996191 -0.030081 -0.073682
1305032370.830542 -0.095865 0.003723 1.226573 -0.034152 0.996654 -0.018705 -0.071867
1305032370.862583 -0.101996 -0.003768 1.223396 -0.035418 0.997075 -0.013493 -0.066367
1305032370.898506 -0.101681 -0.010732 1.234817 -0.040538 0.997070 -0.004695 -0.064704
1305032370.930659 -0.107232 -0.018666 1.234777 -0.040298 0.997159 0.005248 -0.063416
1305032370.962789 -0.106168 -0.033081 1.233364 -0.045053 0.996857 0.017615 -0.062731
1305032370.998556 -0.110991 -0.035397 1.241309 -0.049765 0.996439 0.028302 -0.061902
1305032371.030832 -0.103955 -0.028102 1.249365 -0.053101 0.995548 0.041117 -0.066140
1305032371.062995 -0.108617 -0.045390 1.248613 -0.052000 0.994604 0.057806 -0.068686
1305032371.098685 -0.119958 -0.067185 1.248396 -0.054250 0.993531 0.071397 -0.069688
1305032371.129946 -0.115113 -0.088052 1.249924 -0.061510 0.991716 0.084899 -0.074220
1305032371.163377 -0.115240 -0.125138 1.255831 -0.066944 0.989507 0.100964 -0.078741
1305032371.199209 -0.142338 -0.163553 1.230863 -0.074750 0.987969 0.110078 -0.078821
1305032371.231556 -0.150394 -0.199194 1.220340 -0.086834 0.986524 0.114486 -0.078258
1305032371.263086 -0.150676 -0.221314 1.220587 -0.098477 0.984817 0.118588 -0.079838
1305032371.298863 -0.149287 -0.249494 1.214587 -0.108097 0.983002 0.124269 -0.081108
1305032371.331299 -0.151590 -0.286837 1.207606 -0.116903 0.981445 0.130422 -0.078039
1305032371.362286 -0.145854 -0.312950 1.207089 -0.130131 0.979296 0.136224 -0.074078
1305032371.399014 -0.151713 -0.327508 1.212448 -0.141050 0.977288 0.142382 -0.068845
1305032371.429986 -0.158143 -0.355059 1.214876 -0.151760 0.974373 0.153444 -0.063416
1305032371.461990 -0.163019 -0.380898 1.208259 -0.163042 0.970839 0.165701 -0.058582
1305032371.500350 -0.162661 -0.394446 1.205373 -0.173065 0.967319 0.177034 -0.054780
1305032371.530042 -0.169604 -0.421666 1.194779 -0.182897 0.962981 0.192001 -0.048496
1305032371.563010 -0.172887 -0.446244 1.180348 -0.197421 0.957423 0.206164 -0.043155
1305032371.594822 -0.181728 -0.465079 1.171595 -0.207622 0.952920 0.217882 -0.036949
1305032371.629962 -0.185089 -0.479467 1.160542 -0.214344 0.949064 0.228721 -0.031945
1305032371.661896 -0.182643 -0.497390 1.141696 -0.218866 0.945357 0.240026 -0.028019
1305032371.698063 -0.192534 -0.515537 1.124347 -0.230623 0.940337 0.249450 -0.018839
1305032371.730032 -0.202973 -0.530171 1.118835 -0.241481 0.935298 0.258320 -0.013264
1305032371.763070 -0.207526 -0.546297 1.106311 -0.247427 0.930161 0.271065 -0.010214
1305032371.798758 -0.217609 -0.552793 1.082765 -0.249306 0.927792 0.277498 -0.006617
1305032371.830599 -0.214272 -0.564841 1.059535 -0.248166 0.925882 0.284850 -0.004050
1305032371.862968 -0.226239 -0.585447 1.030121 -0.247136 0.924788 0.289223 0.006327
1305032371.898642 -0.240852 -0.591577 1.021250 -0.252276 0.923024 0.289795 0.020066
1305032371.930870 -0.250272 -0.610128 0.999375 -0.260327 0.919046 0.294273 0.031419
1305032371.961821 -0.257234 -0.630147 0.972254 -0.271049 0.914346 0.297789 0.042734
1305032371.998991 -0.258140 -0.642221 0.950776 -0.280351 0.911128 0.297473 0.052516
1305032372.030846 -0.266884 -0.661466 0.926907 -0.289135 0.907834 0.296825 0.064298
1305032372.061897 -0.271983 -0.674340 0.904730 -0.299981 0.904319 0.294477 0.074174
1305032372.098230 -0.272842 -0.685276 0.893105 -0.310005 0.900342 0.294840 0.079689
1305032372.129933 -0.280441 -0.697207 0.867352 -0.318819 0.896675 0.294139 0.088376
1305032372.166136 -0.274040 -0.707392 0.841445 -0.329286 0.893521 0.288000 0.101225
1305032372.198088 -0.271260 -0.717550 0.825011 -0.338595 0.890013 0.282875 0.114945
1305032372.230035 -0.262056 -0.729017 0.804359 -0.348704 0.885644 0.278700 0.127932
1305032372.266118 -0.256405 -0.732208 0.787520 -0.357095 0.882186 0.272305 0.141707
1305032372.297778 -0.254177 -0.741010 0.774188 -0.364757 0.877584 0.269423 0.155595
1305032372.329863 -0.244709 -0.750276 0.761061 -0.376685 0.871184 0.267089 0.166763
1305032372.366255 -0.237272 -0.756052 0.748118 -0.388894 0.865206 0.264748 0.173459
1305032372.398316 -0.229958 -0.761097 0.735378 -0.398558 0.860281 0.263932 0.177225
1305032372.430828 -0.219531 -0.770898 0.725135 -0.406862 0.855009 0.265101 0.182059
1305032372.466062 -0.210578 -0.774946 0.719867 -0.414199 0.849772 0.268231 0.185414
1305032372.498126 -0.197257 -0.779865 0.708027 -0.424106 0.842985 0.272418 0.187878
1305032372.530471 -0.180963 -0.782425 0.688627 -0.431917 0.838433 0.270541 0.193095
1305032372.565932 -0.170438 -0.789623 0.687755 -0.435324 0.835520 0.269830 0.198975
1305032372.597830 -0.158478 -0.798873 0.681716 -0.441429 0.829823 0.274401 0.203072
1305032372.629940 -0.142865 -0.801917 0.667177 -0.446297 0.826272 0.276001 0.204737
1305032372.664099 -0.131164 -0.810912 0.658827 -0.449143 0.823770 0.276644 0.207705
1305032372.698677 -0.120533 -0.813409 0.655060 -0.451946 0.820694 0.277881 0.212103
1305032372.729773 -0.108662 -0.816036 0.645604 -0.455088 0.816527 0.278654 0.220295
1305032372.766495 -0.094901 -0.820459 0.639797 -0.458068 0.812966 0.277463 0.228635
1305032372.797977 -0.082816 -0.822622 0.632917 -0.456938 0.812241 0.274425 0.236987
1305032372.831419 -0.072632 -0.824250 0.622503 -0.452723 0.814181 0.266584 0.247153
1305032372.866951 -0.062116 -0.835886 0.612145 -0.447395 0.815239 0.261851 0.258180
1305032372.898820 -0.052155 -0.837925 0.610703 -0.442662 0.816406 0.257084 0.267282
1305032372.930434 -0.043642 -0.843002 0.600628 -0.437367 0.816871 0.253429 0.277861
1305032372.966593 -0.035734 -0.853190 0.593252 -0.431939 0.815661 0.253614 0.289492
1305032372.998908 -0.034927 -0.849834 0.588692 -0.428641 0.812360 0.253749 0.303232
1305032373.030602 -0.023897 -0.848712 0.582933 -0.430547 0.805527 0.255292 0.317146
1305032373.066888 -0.019704 -0.849633 0.578048 -0.431345 0.799880 0.259091 0.327117
1305032373.099756 -0.017209 -0.845202 0.576941 -0.430285 0.794661 0.268610 0.333491
1305032373.129982 -0.012580 -0.838252 0.572272 -0.429093 0.788495 0.280048 0.340188
1305032373.166370 -0.008094 -0.833301 0.565976 -0.430802 0.779370 0.291821 0.349045
1305032373.198396 -0.001721 -0.828856 0.556541 -0.436208 0.768820 0.300933 0.357880
1305032373.230473 0.003108 -0.822024 0.550997 -0.440313 0.760959 0.308903 0.362828
1305032373.266720 0.009156 -0.814855 0.546623 -0.444335 0.753099 0.316240 0.367969
1305032373.298826 0.016316 -0.808566 0.542247 -0.446999 0.745263 0.324264 0.373668
1305032373.331205 0.025931 -0.800804 0.540298 -0.445939 0.740614 0.329773 0.379314
1305032373.366852 0.029369 -0.798846 0.533795 -0.441938 0.736423 0.336373 0.386296
1305032373.399036 0.034717 -0.796279 0.527992 -0.441055 0.730818 0.343008 0.392074
1305032373.434600 0.042866 -0.794138 0.519591 -0.441536 0.725522 0.345123 0.399442
1305032373.465600 0.047077 -0.795076 0.517737 -0.438853 0.723193 0.349028 0.403213
1305032373.498931 0.049613 -0.792433 0.516111 -0.434021 0.721679 0.354750 0.406150
1305032373.534642 0.052311 -0.792602 0.508922 -0.429786 0.718370 0.361017 0.410969
1305032373.566765 0.053877 -0.790737 0.504060 -0.427832 0.715834 0.365307 0.413632
1305032373.598768 0.057873 -0.792142 0.495883 -0.427559 0.712491 0.370846 0.414757
1305032373.637020 0.057028 -0.789493 0.487801 -0.428635 0.711451 0.372061 0.414342
1305032373.664564 0.059973 -0.786675 0.479128 -0.430284 0.713478 0.368695 0.412150
1305032373.697902 0.063956 -0.787576 0.476464 -0.431301 0.716303 0.364195 0.410185
1305032373.734487 0.067135 -0.790199 0.476267 -0.432256 0.717909 0.361638 0.408630
1305032373.766407 0.068836 -0.785642 0.476981 -0.426505 0.722759 0.354602 0.412275
1305032373.795810 0.070125 -0.787849 0.488141 -0.420897 0.724946 0.355370 0.413535
1305032373.834900 0.056852 -0.792608 0.483733 -0.421443 0.719749 0.359395 0.418549
1305032373.867214 0.052315 -0.791709 0.472236 -0.421508 0.719060 0.355891 0.422641
1305032373.899236 0.045222 -0.796080 0.471893 -0.421968 0.723118 0.348830 0.421143
1305032373.935042 0.035326 -0.796252 0.479699 -0.423682 0.727040 0.341923 0.418324
1305032373.966997 0.029418 -0.798342 0.482465 -0.424561 0.728566 0.335201 0.420213
1305032373.999161 0.020150 -0.802930 0.485590 -0.422985 0.731982 0.328628 0.421057
1305032374.031130 0.004338 -0.804316 0.489596 -0.424484 0.734084 0.320682 0.422015
1305032374.066694 -0.008407 -0.804934 0.489517 -0.431122 0.736064 0.307900 0.421357
1305032374.098892 -0.018789 -0.808556 0.495137 -0.436197 0.737994 0.294751 0.422160
1305032374.134638 -0.030649 -0.809828 0.507226 -0.438324 0.739878 0.283466 0.424381
1305032374.165244 -0.049759 -0.809884 0.511828 -0.432913 0.744456 0.274626 0.427730
1305032374.198898 -0.063243 -0.808253 0.522546 -0.425788 0.748502 0.267739 0.432164
1305032374.234560 -0.079444 -0.803627 0.532132 -0.419830 0.748948 0.260148 0.441749
1305032374.266147 -0.099527 -0.799379 0.536103 -0.410849 0.750462 0.253249 0.451524
1305032374.294938 -0.125573 -0.792527 0.549890 -0.403704 0.750380 0.248955 0.460406
1305032374.334742 -0.143526 -0.785015 0.547787 -0.397900 0.748626 0.242342 0.471703
1305032374.364901 -0.160816 -0.776982 0.548365 -0.390892 0.747760 0.231169 0.484375
1305032374.399115 -0.184198 -0.765418 0.557218 -0.385120 0.746721 0.214053 0.498268
1305032374.434908 -0.222509 -0.756883 0.558629 -0.376788 0.744632 0.200317 0.513252
1305032374.465685 -0.250762 -0.744395 0.552336 -0.367429 0.744470 0.192297 0.523241
1305032374.498699 -0.275228 -0.725114 0.554600 -0.355114 0.746415 0.179503 0.533420
1305032374.534396 -0.319608 -0.708935 0.560066 -0.342500 0.745689 0.172782 0.544782
1305032374.565590 -0.348698 -0.703954 0.567648 -0.335410 0.747464 0.173473 0.546538
1305032374.594126 -0.379570 -0.686627 0.555050 -0.325849 0.751495 0.172496 0.547105
1305032374.634435 -0.407517 -0.677516 0.543933 -0.318893 0.755520 0.170644 0.546240
1305032374.666012 -0.433742 -0.660506 0.545072 -0.309467 0.759815 0.161567 0.548459
1305032374.693998 -0.463831 -0.646564 0.539408 -0.296089 0.764739 0.155549 0.550737
1305032374.733801 -0.494597 -0.635492 0.543132 -0.284873 0.771009 0.152940 0.548636
1305032374.764270 -0.514573 -0.618282 0.531611 -0.271305 0.776263 0.146230 0.549932
1305032374.794088 -0.539304 -0.608165 0.536477 -0.263515 0.781297 0.137855 0.548753
1305032374.833035 -0.565702 -0.586406 0.541655 -0.256405 0.786518 0.132029 0.546090
1305032374.865378 -0.586083 -0.567046 0.542184 -0.249714 0.789864 0.127867 0.545352
1305032374.893927 -0.609655 -0.546721 0.543487 -0.242667 0.794261 0.126798 0.542387
1305032374.934044 -0.626616 -0.531150 0.540541 -0.239229 0.797695 0.126253 0.538992
1305032374.963025 -0.645945 -0.503500 0.540641 -0.227125 0.803401 0.125983 0.535807
1305032374.994296 -0.661027 -0.492833 0.543987 -0.218168 0.807842 0.135217 0.530576
1305032375.033877 -0.676820 -0.476213 0.537005 -0.205761 0.812839 0.144777 0.525353
1305032375.063183 -0.692598 -0.455801 0.534814 -0.194333 0.818204 0.149397 0.520056
1305032375.093980 -0.707147 -0.437883 0.532855 -0.186850 0.822974 0.155518 0.513434
1305032375.133595 -0.715079 -0.422954 0.534675 -0.181734 0.827212 0.156923 0.508005
1305032375.165413 -0.727096 -0.410319 0.529700 -0.177676 0.830551 0.148857 0.506417
1305032375.193974 -0.733373 -0.395524 0.532143 -0.174732 0.835624 0.137519 0.502284
1305032375.233686 -0.743618 -0.378295 0.536704 -0.173893 0.838528 0.128513 0.500116
1305032375.266159 -0.748382 -0.362218 0.538926 -0.171022 0.841376 0.119941 0.498450
1305032375.301758 -0.755580 -0.347273 0.545980 -0.167239 0.842682 0.114359 0.498839
1305032375.333721 -0.762843 -0.335457 0.546120 -0.164465 0.842046 0.110589 0.501677
1305032375.365860 -0.765142 -0.322446 0.549869 -0.161922 0.841934 0.103854 0.504126
1305032375.401985 -0.766418 -0.315596 0.551907 -0.156022 0.839282 0.095502 0.511998
1305032375.434217 -0.771376 -0.295990 0.552063 -0.149372 0.835843 0.078435 0.522401
1305032375.465834 -0.771824 -0.288786 0.556823 -0.147072 0.832369 0.068989 0.529879
1305032375.499837 -0.773735 -0.283334 0.554724 -0.144450 0.828073 0.058183 0.538558
1305032375.532916 -0.771137 -0.271704 0.559412 -0.136859 0.826061 0.043989 0.544939
1305032375.564725 -0.773915 -0.263121 0.564558 -0.129207 0.823829 0.037354 0.550650
1305032375.601458 -0.775374 -0.251530 0.564933 -0.122681 0.821044 0.031254 0.556651
1305032375.633354 -0.776539 -0.242101 0.565738 -0.120848 0.819598 0.024866 0.559497
1305032375.665617 -0.778377 -0.234914 0.566413 -0.115435 0.819322 0.018676 0.561282
1305032375.701017 -0.782818 -0.227302 0.563973 -0.108321 0.820404 0.012466 0.561292
1305032375.733414 -0.789046 -0.208538 0.559388 -0.100427 0.820377 0.011810 0.562811
1305032375.765442 -0.792487 -0.202797 0.556553 -0.099465 0.820146 0.009031 0.563370
1305032375.801321 -0.792726 -0.193084 0.551456 -0.096007 0.819499 0.005215 0.564958
1305032375.833190 -0.798863 -0.181556 0.548887 -0.091504 0.819534 0.002393 0.565673
1305032375.862014 -0.799863 -0.169865 0.544255 -0.086278 0.819460 -0.001432 0.566604
1305032375.901630 -0.806402 -0.165001 0.542199 -0.076273 0.818685 -0.007317 0.569108
1305032375.933396 -0.809936 -0.156503 0.541983 -0.062143 0.816804 -0.013597 0.573398
1305032375.961907 -0.817386 -0.139409 0.542833 -0.054462 0.815065 -0.013417 0.576647
1305032375.998887 -0.819577 -0.126528 0.533092 -0.045297 0.812588 -0.014534 0.580895
1305032376.032860 -0.823394 -0.119606 0.535811 -0.029830 0.811024 -0.013208 0.584103
1305032376.061932 -0.840832 -0.105745 0.525910 -0.020146 0.810873 -0.010884 0.584774
1305032376.102161 -0.845793 -0.085869 0.519113 -0.013584 0.812231 -0.008446 0.583116
1305032376.133711 -0.851268 -0.078456 0.517404 -0.005950 0.813105 -0.006268 0.582052
1305032376.162024 -0.861579 -0.064133 0.509547 0.001789 0.813459 -0.004549 0.581602
1305032376.199867 -0.868788 -0.048387 0.504856 0.005900 0.815969 -0.002714 0.578059
1305032376.230456 -0.872481 -0.039922 0.506018 0.011863 0.818855 -0.000870 0.573878
1305032376.261897 -0.880687 -0.029594 0.506815 0.021234 0.820389 0.003028 0.571404
1305032376.301905 -0.887869 -0.018798 0.503739 0.020096 0.821895 0.007329 0.569238
1305032376.333850 -0.885046 -0.008598 0.504413 0.022111 0.823642 0.008083 0.566621
1305032376.362196 -0.890618 0.003090 0.500754 0.028663 0.823212 0.011287 0.566897
1305032376.401623 -0.890262 0.004437 0.501199 0.031560 0.824017 0.010833 0.565582
1305032376.433420 -0.893830 0.010344 0.500303 0.038753 0.824314 0.008985 0.564734
1305032376.461966 -0.889812 0.016344 0.499044 0.048725 0.824789 0.004983 0.563315
1305032376.502252 -0.891379 0.020827 0.498310 0.061523 0.826422 -0.000723 0.559679
1305032376.534217 -0.894018 0.026824 0.498915 0.075295 0.827404 -0.008166 0.556477
1305032376.562020 -0.896458 0.034843 0.503652 0.084235 0.827251 -0.016602 0.555234
1305032376.601916 -0.893252 0.042229 0.505709 0.089339 0.827032 -0.024192 0.554483
1305032376.633870 -0.895122 0.053121 0.506872 0.098462 0.825872 -0.032202 0.554260
1305032376.662225 -0.893808 0.064580 0.511573 0.105592 0.824481 -0.037405 0.554691
1305032376.702073 -0.894015 0.072765 0.515722 0.107779 0.822859 -0.040771 0.556439
1305032376.734273 -0.891800 0.080737 0.518617 0.111847 0.820929 -0.043903 0.558246
1305032376.761981 -0.890540 0.090450 0.519857 0.116109 0.818024 -0.046368 0.561431
1305032376.802316 -0.892005 0.100660 0.520321 0.116834 0.816258 -0.050292 0.563510
1305032376.833971 -0.886644 0.110557 0.521705 0.119418 0.815056 -0.054222 0.564343
1305032376.861992 -0.882662 0.118875 0.521281 0.124524 0.812951 -0.058333 0.565864
1305032376.901902 -0.883279 0.129622 0.522103 0.125877 0.812245 -0.060653 0.566334
1305032376.933566 -0.876997 0.134885 0.521076 0.127317 0.811576 -0.062690 0.566748
1305032376.961961 -0.870425 0.139937 0.518926 0.130410 0.809365 -0.068304 0.568556
1305032376.999109 -0.870444 0.148395 0.517764 0.134293 0.808778 -0.073466 0.567843
1305032377.033968 -0.868172 0.155852 0.515340 0.136840 0.808019 -0.077283 0.567809
1305032377.062278 -0.863103 0.159856 0.515447 0.140948 0.805721 -0.080226 0.569659
1305032377.102624 -0.863063 0.168071 0.513568 0.144906 0.803329 -0.083859 0.571518
1305032377.129944 -0.858701 0.174780 0.511313 0.145589 0.802806 -0.082818 0.572230
1305032377.161952 -0.856225 0.178717 0.508808 0.146970 0.801366 -0.081835 0.574035
1305032377.201774 -0.854789 0.183785 0.508934 0.147123 0.800750 -0.079426 0.575192
1305032377.229977 -0.853313 0.185269 0.506776 0.145900 0.801242 -0.077654 0.575060
1305032377.261926 -0.849626 0.185554 0.506445 0.150418 0.799594 -0.077807 0.576168
1305032377.302313 -0.851574 0.186216 0.504448 0.150652 0.797943 -0.077113 0.578485
1305032377.330085 -0.848271 0.187290 0.504745 0.147281 0.798199 -0.073963 0.579411
1305032377.362122 -0.848559 0.182621 0.503753 0.144099 0.796560 -0.072934 0.582587
1305032377.401791 -0.846177 0.174866 0.506021 0.142159 0.795355 -0.071732 0.584855
1305032377.430000 -0.846966 0.166980 0.501603 0.135403 0.795466 -0.069040 0.586629
1305032377.461954 -0.845043 0.152528 0.501706 0.129857 0.795311 -0.068037 0.588208
1305032377.501541 -0.849559 0.143499 0.498640 0.126244 0.793756 -0.067409 0.591160
1305032377.530127 -0.843830 0.133822 0.494920 0.118254 0.794673 -0.066566 0.591675
1305032377.562030 -0.849144 0.111504 0.496607 0.110242 0.794749 -0.063413 0.593464
1305032377.602337 -0.848261 0.096229 0.491861 0.102690 0.792959 -0.061994 0.597351
1305032377.630198 -0.847409 0.081608 0.487091 0.093731 0.793265 -0.059395 0.598680
1305032377.662079 -0.849290 0.066887 0.480443 0.083140 0.793598 -0.055622 0.600163
1305032377.701676 -0.844209 0.042132 0.477106 0.072359 0.792697 -0.053629 0.602926
1305032377.730022 -0.848747 0.022165 0.471679 0.059804 0.792303 -0.051255 0.605022
1305032377.762107 -0.844173 0.001007 0.466066 0.047328 0.792939 -0.048735 0.605503
1305032377.801528 -0.840578 -0.022515 0.464418 0.036801 0.792420 -0.048011 0.606969
1305032377.829990 -0.842412 -0.043698 0.456641 0.025219 0.791782 -0.045541 0.608581
1305032377.862016 -0.835210 -0.059501 0.443074 0.012020 0.791280 -0.042993 0.609822
1305032377.901222 -0.828753 -0.080682 0.447760 -0.001991 0.790591 -0.040081 0.611028
1305032377.929945 -0.831790 -0.101218 0.443479 -0.015775 0.788798 -0.038123 0.613267
1305032377.962041 -0.825816 -0.124321 0.429740 -0.029356 0.786763 -0.030211 0.615816
1305032378.001490 -0.820486 -0.146352 0.428688 -0.043688 0.785220 -0.026210 0.617117
1305032378.030011 -0.812805 -0.163608 0.418423 -0.057515 0.780971 -0.024358 0.621436
1305032378.062184 -0.810556 -0.181787 0.414583 -0.073994 0.779860 -0.022449 0.621159
1305032378.101402 -0.806610 -0.197469 0.402458 -0.084621 0.778242 -0.012371 0.622114
1305032378.130166 -0.796879 -0.224528 0.396281 -0.096520 0.776486 -0.014301 0.622534
1305032378.162063 -0.791616 -0.242580 0.389900 -0.105816 0.773511 -0.014836 0.624711
1305032378.201701 -0.784580 -0.259448 0.380620 -0.115633 0.768009 -0.008831 0.629852
1305032378.230090 -0.778099 -0.275684 0.378412 -0.128299 0.763946 -0.006583 0.632363
1305032378.262060 -0.765330 -0.290394 0.362624 -0.141836 0.755426 -0.003083 0.639691
1305032378.297958 -0.749436 -0.308425 0.353225 -0.153098 0.745546 0.002501 0.648626
1305032378.330021 -0.738743 -0.318374 0.341589 -0.162814 0.735447 0.007357 0.657689
1305032378.362038 -0.735006 -0.333648 0.331455 -0.182051 0.726037 0.008947 0.663059
1305032378.398026 -0.725515 -0.350456 0.318813 -0.199519 0.714837 0.020587 0.669908
1305032378.430058 -0.716971 -0.364764 0.308630 -0.215205 0.706410 0.031225 0.673570
1305032378.462047 -0.711806 -0.381760 0.306730 -0.229628 0.698042 0.040361 0.677038
1305032378.497867 -0.699965 -0.407643 0.304384 -0.249641 0.688193 0.046919 0.679609
1305032378.530157 -0.687492 -0.430578 0.303649 -0.267293 0.677270 0.045912 0.683924
1305032378.562081 -0.677646 -0.449449 0.298382 -0.283303 0.665675 0.043541 0.689000
1305032378.597959 -0.667249 -0.470619 0.296495 -0.301403 0.655928 0.045083 0.690567
1305032378.630158 -0.657673 -0.491415 0.294199 -0.319269 0.646141 0.049699 0.691447
1305032378.661960 -0.645692 -0.513957 0.291697 -0.338909 0.638199 0.055450 0.689034
1305032378.698231 -0.624847 -0.539040 0.293564 -0.354393 0.632688 0.059205 0.686007
1305032378.730042 -0.611057 -0.560272 0.298492 -0.360717 0.629220 0.061398 0.685708
1305032378.761985 -0.600592 -0.578855 0.300590 -0.362849 0.626827 0.065949 0.686352
1305032378.797887 -0.584127 -0.598256 0.304298 -0.362982 0.624293 0.068820 0.688306
1305032378.830168 -0.572941 -0.614951 0.307189 -0.361347 0.622037 0.069476 0.691137
1305032378.862028 -0.564073 -0.627917 0.314555 -0.362584 0.618981 0.070877 0.693089
1305032378.897945 -0.548315 -0.644377 0.322039 -0.364796 0.611023 0.067821 0.699267
1305032378.930160 -0.536415 -0.653248 0.327280 -0.369120 0.598451 0.057900 0.708699
1305032378.962166 -0.525040 -0.662650 0.329011 -0.378958 0.583425 0.044802 0.716937
1305032378.997991 -0.509807 -0.670357 0.329713 -0.389909 0.568339 0.029108 0.723958
1305032379.030183 -0.503302 -0.676797 0.333941 -0.399198 0.559446 0.019455 0.726142
1305032379.062055 -0.491639 -0.678630 0.335721 -0.408885 0.553162 0.021570 0.725507
1305032379.098076 -0.478673 -0.685421 0.336202 -0.412689 0.550062 0.026255 0.725555
1305032379.130109 -0.465242 -0.695105 0.334946 -0.411930 0.549973 0.038230 0.725521
1305032379.162033 -0.450236 -0.705136 0.333981 -0.413410 0.551033 0.051511 0.723050
1305032379.198104 -0.437771 -0.708802 0.332636 -0.415129 0.554221 0.066823 0.718361
1305032379.230194 -0.419359 -0.725758 0.337637 -0.416478 0.556047 0.075348 0.715318
1305032379.262091 -0.405673 -0.736614 0.337452 -0.413091 0.556918 0.079839 0.716117
1305032379.298124 -0.390187 -0.752200 0.341840 -0.412221 0.554827 0.082502 0.717937
1305032379.330184 -0.378356 -0.760404 0.343473 -0.410028 0.548271 0.077343 0.724772
1305032379.362135 -0.365350 -0.769746 0.343986 -0.410997 0.538946 0.063295 0.732538
1305032379.398082 -0.354460 -0.782534 0.344591 -0.414140 0.532229 0.051654 0.736582
1305032379.430183 -0.342871 -0.784960 0.346322 -0.421033 0.525431 0.041232 0.738210
1305032379.462019 -0.334659 -0.789640 0.352186 -0.427130 0.518975 0.031608 0.739747
1305032379.498116 -0.322004 -0.792617 0.361310 -0.430739 0.510259 0.017854 0.744165
1305032379.530134 -0.309293 -0.786679 0.372401 -0.427261 0.496643 0.002940 0.755503
1305032379.562170 -0.308653 -0.793595 0.372021 -0.422371 0.482802 -0.006117 0.767116
1305032379.598236 -0.301801 -0.797585 0.379233 -0.417540 0.475825 -0.007184 0.774080
1305032379.630200 -0.295283 -0.800727 0.380687 -0.414865 0.469973 -0.005995 0.779087
1305032379.662215 -0.295498 -0.800620 0.379182 -0.412214 0.466953 -0.008838 0.782276
1305032379.698218 -0.292211 -0.803444 0.369413 -0.415139 0.462173 -0.014177 0.783489
1305032379.730243 -0.296064 -0.802668 0.369568 -0.418670 0.458907 -0.025611 0.783240
1305032379.762529 -0.302501 -0.812746 0.356926 -0.423278 0.458015 -0.033855 0.780969
1305032379.798231 -0.302511 -0.816530 0.337471 -0.430769 0.460867 -0.034829 0.775130
1305032379.830305 -0.307834 -0.819754 0.325465 -0.438310 0.463790 -0.032825 0.769224
1305032379.862243 -0.308083 -0.817479 0.315213 -0.444911 0.464982 -0.030799 0.764786
1305032379.898138 -0.312765 -0.821484 0.300033 -0.450070 0.465562 -0.028258 0.761506
1305032379.930293 -0.312752 -0.822885 0.288583 -0.455194 0.466805 -0.025379 0.757791
1305032379.962343 -0.314604 -0.823472 0.278616 -0.458504 0.469443 -0.025990 0.754136
1305032379.998300 -0.318901 -0.822803 0.266055 -0.461898 0.473244 -0.025768 0.749684
1305032380.030360 -0.321007 -0.820459 0.259503 -0.466399 0.475288 -0.025358 0.745608
1305032380.062398 -0.324972 -0.818195 0.251693 -0.468647 0.476112 -0.026154 0.743642
1305032380.098304 -0.328901 -0.810062 0.248185 -0.469062 0.475678 -0.025042 0.743696
1305032380.130311 -0.332299 -0.805313 0.243733 -0.468878 0.472002 -0.024750 0.746160
1305032380.162318 -0.334284 -0.800688 0.239643 -0.467307 0.465401 -0.027662 0.751173
1305032380.198396 -0.337250 -0.792211 0.237060 -0.462213 0.458556 -0.033725 0.758253
1305032380.230356 -0.339804 -0.786905 0.228994 -0.456684 0.453537 -0.037930 0.764399
1305032380.262393 -0.343032 -0.777564 0.227121 -0.449219 0.452093 -0.039698 0.769570
1305032380.298557 -0.347797 -0.769520 0.222214 -0.438947 0.452374 -0.032222 0.775657
1305032380.330519 -0.351093 -0.759964 0.214160 -0.430805 0.452698 -0.018945 0.780457
1305032380.362378 -0.352904 -0.744336 0.209469 -0.419757 0.454184 -0.006653 0.785797
1305032380.398355 -0.356952 -0.724317 0.210624 -0.402672 0.454954 0.001523 0.794273
1305032380.430475 -0.358929 -0.714175 0.200705 -0.387410 0.450798 0.013055 0.804067
1305032380.462299 -0.357129 -0.698106 0.193747 -0.372853 0.445220 0.016477 0.813934
1305032380.498445 -0.361093 -0.678963 0.190401 -0.350615 0.443787 0.014021 0.824576
1305032380.530597 -0.360217 -0.683166 0.173989 -0.344896 0.440690 0.019419 0.828530
1305032380.562412 -0.361948 -0.661905 0.166217 -0.346366 0.442207 0.022277 0.827035
1305032380.598350 -0.365629 -0.646345 0.154885 -0.343698 0.445830 0.017730 0.826313
1305032380.630332 -0.369517 -0.627641 0.146904 -0.341295 0.451517 0.014395 0.824283
1305032380.662349 -0.370157 -0.607713 0.145927 -0.337810 0.453055 0.003254 0.824994
1305032380.698289 -0.373705 -0.586810 0.136406 -0.323367 0.451880 -0.008316 0.831366
1305032380.730370 -0.372005 -0.566166 0.129180 -0.311606 0.451034 -0.018429 0.836140
1305032380.762372 -0.372057 -0.550237 0.120921 -0.292808 0.448656 -0.023572 0.844048
1305032380.798301 -0.376597 -0.529314 0.102519 -0.286140 0.448433 -0.020036 0.846540
1305032380.830371 -0.372955 -0.509559 0.097012 -0.284250 0.450910 -0.016537 0.845937
1305032380.862334 -0.373484 -0.492353 0.087059 -0.271161 0.451803 -0.017391 0.849731
1305032380.898284 -0.374084 -0.477667 0.067308 -0.259436 0.452474 -0.016838 0.853040
1305032380.930298 -0.375795 -0.466012 0.055918 -0.250365 0.459174 -0.015214 0.852200
1305032380.962305 -0.377472 -0.450850 0.038203 -0.235917 0.467943 -0.012341 0.851599
1305032380.998378 -0.381528 -0.444487 0.019330 -0.227372 0.476025 -0.011257 0.849456
1305032381.030403 -0.387455 -0.431021 0.000713 -0.218463 0.486167 -0.007049 0.846089
1305032381.062315 -0.397774 -0.408158 -0.013158 -0.208631 0.496401 -0.000552 0.842650
1305032381.098290 -0.410353 -0.391485 -0.024067 -0.200004 0.505703 0.008986 0.839155
1305032381.130313 -0.428875 -0.370027 -0.046732 -0.192963 0.514220 0.021252 0.835399
1305032381.162419 -0.438522 -0.357278 -0.057574 -0.186280 0.524012 0.037366 0.830250
1305032381.198441 -0.450087 -0.352428 -0.061302 -0.180708 0.532944 0.056504 0.824696
1305032381.230357 -0.460029 -0.330182 -0.071884 -0.175292 0.537239 0.071249 0.821931
1305032381.262413 -0.469459 -0.329239 -0.067899 -0.174997 0.541941 0.077966 0.818290
1305032381.298382 -0.480963 -0.321064 -0.066994 -0.167926 0.548620 0.083795 0.814736
1305032381.330288 -0.490624 -0.319099 -0.074597 -0.157721 0.552636 0.093495 0.813004
1305032381.362293 -0.507638 -0.299606 -0.086205 -0.148959 0.557396 0.100363 0.810585
1305032381.398352 -0.517716 -0.305080 -0.096154 -0.147238 0.564150 0.105409 0.805571
1305032381.430337 -0.533554 -0.291578 -0.109913 -0.143908 0.573123 0.109088 0.799325
1305032381.462322 -0.540640 -0.289832 -0.117773 -0.139134 0.584705 0.112306 0.791296
1305032381.498437 -0.549942 -0.293516 -0.128248 -0.132768 0.599905 0.114032 0.780695
1305032381.530570 -0.561593 -0.302288 -0.137508 -0.128186 0.612183 0.115218 0.771703
1305032381.562344 -0.566258 -0.307210 -0.136830 -0.120447 0.622135 0.110989 0.765586
1305032381.598331 -0.580373 -0.313003 -0.149240 -0.111066 0.632411 0.107838 0.759007
1305032381.630276 -0.593926 -0.317680 -0.150273 -0.102289 0.640884 0.109277 0.752903
1305032381.662406 -0.601923 -0.326182 -0.156655 -0.093746 0.649576 0.106844 0.746892
1305032381.698379 -0.610893 -0.329518 -0.155465 -0.081454 0.656463 0.102100 0.742965
1305032381.730349 -0.618347 -0.329726 -0.159994 -0.069629 0.657278 0.098014 0.743996
1305032381.762321 -0.621974 -0.328752 -0.168184 -0.061340 0.657528 0.095114 0.744881
1305032381.798267 -0.618136 -0.341756 -0.170259 -0.052978 0.657103 0.092255 0.746256
1305032381.830339 -0.621322 -0.342658 -0.178636 -0.036169 0.656369 0.088899 0.748311
1305032381.862314 -0.625647 -0.338959 -0.186911 -0.020594 0.656159 0.089862 0.748970
1305032381.898313 -0.621171 -0.352370 -0.200581 -0.009447 0.658117 0.088568 0.747628
1305032381.930344 -0.619566 -0.359509 -0.205983 0.005107 0.662265 0.080125 0.744955
1305032381.962306 -0.624803 -0.361757 -0.218684 0.020140 0.663621 0.071171 0.744403
1305032381.998299 -0.626563 -0.362849 -0.228341 0.030996 0.667682 0.066004 0.740867
1305032382.030594 -0.629650 -0.363287 -0.236509 0.042338 0.672171 0.062690 0.736521
1305032382.062333 -0.633473 -0.366079 -0.246910 0.053686 0.676025 0.061971 0.732303
1305032382.098407 -0.633684 -0.378023 -0.260236 0.063168 0.678109 0.064515 0.729394
1305032382.130332 -0.636234 -0.375009 -0.277038 0.068988 0.679901 0.066643 0.727003
1305032382.162337 -0.639675 -0.369967 -0.284839 0.070191 0.681667 0.070762 0.724842
1305032382.198300 -0.636678 -0.369937 -0.299938 0.066125 0.680474 0.078370 0.725563
1305032382.230395 -0.630906 -0.370749 -0.311519 0.058779 0.679379 0.083424 0.726657
1305032382.262337 -0.625786 -0.365846 -0.312106 0.047023 0.677524 0.088269 0.728669
1305032382.298388 -0.613870 -0.378855 -0.321394 0.030396 0.671867 0.094812 0.733950
1305032382.330338 -0.598140 -0.377389 -0.329090 0.015897 0.663684 0.097599 0.741448
1305032382.362344 -0.587963 -0.381451 -0.335426 -0.003845 0.653956 0.101129 0.749733
1305032382.398302 -0.568663 -0.380171 -0.336134 -0.021546 0.642787 0.105720 0.758409
1305032382.430306 -0.549058 -0.385213 -0.340279 -0.041008 0.629097 0.113841 0.767852
1305032382.462307 -0.522401 -0.395196 -0.348208 -0.062926 0.613422 0.122198 0.777703
1305032382.498305 -0.496541 -0.400098 -0.354331 -0.082598 0.596233 0.127096 0.788372
1305032382.530313 -0.465863 -0.400760 -0.350233 -0.106573 0.577930 0.131601 0.798323
1305032382.562286 -0.420934 -0.417616 -0.355148 -0.122500 0.560158 0.134155 0.808220
1305032382.598353 -0.398977 -0.418008 -0.346652 -0.139367 0.542732 0.129099 0.818139
1305032382.630346 -0.363953 -0.422433 -0.345105 -0.161505 0.521481 0.133985 0.827056
1305032382.662292 -0.324213 -0.445495 -0.330718 -0.176447 0.502181 0.133324 0.836006
1305032382.698317 -0.278442 -0.476718 -0.322554 -0.183973 0.486121 0.128209 0.844632
1305032382.730327 -0.248555 -0.488499 -0.306869 -0.193666 0.473078 0.119540 0.851118
1305032382.762183 -0.219500 -0.504348 -0.295516 -0.209992 0.457942 0.109007 0.856919
1305032382.798300 -0.182348 -0.532847 -0.285923 -0.218900 0.445523 0.095389 0.862840
1305032382.830351 -0.159800 -0.556603 -0.268121 -0.228458 0.430565 0.081585 0.869347
1305032382.862516 -0.140921 -0.581598 -0.245303 -0.240833 0.414332 0.068610 0.874998
1305032382.898275 -0.117469 -0.611912 -0.215677 -0.251097 0.395205 0.058556 0.881666
1305032382.930284 -0.097093 -0.621542 -0.204361 -0.251683 0.375735 0.049087 0.890544
1305032382.962382 -0.080820 -0.642060 -0.184068 -0.254900 0.356979 0.043531 0.897606
1305032382.998323 -0.062193 -0.657917 -0.168019 -0.261347 0.337385 0.041337 0.903416
1305032383.030405 -0.050315 -0.673391 -0.157193 -0.266726 0.318400 0.039657 0.908794
1305032383.062301 -0.032033 -0.691199 -0.140477 -0.272347 0.301589 0.038857 0.912886
1305032383.098297 -0.026521 -0.705080 -0.117991 -0.275886 0.288904 0.032263 0.916177
1305032383.130529 -0.011176 -0.719425 -0.104696 -0.273225 0.272999 0.028614 0.921955
1305032383.162552 -0.001127 -0.722103 -0.101514 -0.277424 0.256028 0.028838 0.925556
1305032383.198294 0.015071 -0.725189 -0.097716 -0.290306 0.237145 0.025644 0.926729
1305032383.231449 0.023172 -0.734724 -0.088857 -0.305056 0.224645 0.014068 0.925353
1305032383.262330 0.030776 -0.746240 -0.075345 -0.316267 0.214427 0.001965 0.924117
1305032383.298309 0.038295 -0.752228 -0.060512 -0.319421 0.201582 -0.007692 0.925892
1305032383.330305 0.047077 -0.749067 -0.052508 -0.318058 0.184555 -0.015615 0.929804
1305032383.362334 0.051840 -0.760564 -0.043831 -0.317988 0.168138 -0.020248 0.932847
1305032383.398286 0.060909 -0.771992 -0.039022 -0.319247 0.151156 -0.025376 0.935195
1305032383.430324 0.061491 -0.777441 -0.031206 -0.318969 0.138249 -0.033151 0.937042
1305032383.462332 0.074105 -0.781754 -0.035000 -0.319730 0.122206 -0.039469 0.938766
1305032383.498344 0.073294 -0.793031 -0.030495 -0.321601 0.112946 -0.046967 0.938941
1305032383.530359 0.078471 -0.797969 -0.033528 -0.325153 0.106091 -0.051491 0.938280
1305032383.562471 0.076650 -0.812391 -0.021332 -0.327210 0.097558 -0.059819 0.937997
1305032383.598345 0.077827 -0.813799 -0.023386 -0.318217 0.087838 -0.058882 0.942102
1305032383.630389 0.076354 -0.824717 -0.031059 -0.317427 0.076700 -0.052691 0.943706
1305032383.662347 0.074124 -0.828243 -0.030716 -0.317479 0.062622 -0.051466 0.944795
1305032383.698408 0.073495 -0.832266 -0.032965 -0.317826 0.046614 -0.054570 0.945429
1305032383.730311 0.071567 -0.836645 -0.034558 -0.323167 0.031816 -0.057007 0.944088
1305032383.762295 0.067769 -0.837399 -0.029875 -0.330594 0.019083 -0.059321 0.941714
1305032383.798245 0.067257 -0.841359 -0.027105 -0.334809 0.007548 -0.060978 0.940281
1305032383.830511 0.065563 -0.843411 -0.023619 -0.336624 -0.004462 -0.063559 0.939481
1305032383.862397 0.064619 -0.841796 -0.023497 -0.336872 -0.014656 -0.064680 0.939212
1305032383.898295 0.065763 -0.841964 -0.023532 -0.338243 -0.021851 -0.064271 0.938607
1305032383.930382 0.065553 -0.839633 -0.021908 -0.337984 -0.025085 -0.062583 0.938734
1305032383.962464 0.067320 -0.834798 -0.025076 -0.337843 -0.026938 -0.057862 0.939036
1305032383.998360 0.067832 -0.832739 -0.024910 -0.339983 -0.027850 -0.051553 0.938605
1305032384.030384 0.070699 -0.828108 -0.023712 -0.340115 -0.027944 -0.043781 0.938949
1305032384.062390 0.072226 -0.821986 -0.023942 -0.339542 -0.028551 -0.037044 0.939427
1305032384.098318 0.078607 -0.817097 -0.023432 -0.339878 -0.030911 -0.031824 0.939423
1305032384.130400 0.081897 -0.814958 -0.022891 -0.338438 -0.032706 -0.026103 0.940058
1305032384.162395 0.084332 -0.810741 -0.026089 -0.335722 -0.032883 -0.019329 0.941189
1305032384.198333 0.087976 -0.809069 -0.021880 -0.332982 -0.033005 -0.015789 0.942223
1305032384.230364 0.089623 -0.809571 -0.025150 -0.328380 -0.034032 -0.014424 0.943822
1305032384.262262 0.093742 -0.804913 -0.024674 -0.323368 -0.035223 -0.011424 0.945549
1305032384.298317 0.092600 -0.805499 -0.022280 -0.316016 -0.035363 -0.008646 0.948055
1305032384.330331 0.092581 -0.803538 -0.023020 -0.305958 -0.037449 -0.004743 0.951296
1305032384.362345 0.093467 -0.795173 -0.032555 -0.297337 -0.038628 -0.000848 0.953990
1305032384.398303 0.099113 -0.785461 -0.040696 -0.292911 -0.038571 0.001175 0.955361
1305032384.431342 0.104682 -0.777123 -0.044674 -0.290767 -0.039865 -0.000327 0.955963
1305032384.462609 0.102753 -0.769116 -0.047827 -0.289324 -0.041783 -0.005457 0.956303
1305032384.498266 0.109380 -0.758264 -0.051212 -0.288324 -0.045238 -0.008465 0.956426
1305032384.530361 0.114226 -0.746206 -0.052757 -0.287684 -0.046992 -0.009068 0.956529
1305032384.566265 0.114343 -0.731873 -0.058980 -0.286046 -0.049115 -0.009545 0.956909
1305032384.598309 0.115835 -0.717739 -0.065024 -0.287266 -0.050629 -0.010009 0.956459
1305032384.630376 0.122557 -0.705640 -0.064129 -0.286929 -0.051094 -0.007506 0.956559
1305032384.666270 0.125470 -0.692341 -0.067881 -0.283458 -0.050070 -0.001223 0.957676
1305032384.698533 0.128956 -0.676665 -0.071987 -0.279892 -0.051133 0.008772 0.958629
1305032384.730303 0.134383 -0.665321 -0.077159 -0.275227 -0.051806 0.018002 0.959814
1305032384.766314 0.141709 -0.653462 -0.077168 -0.266864 -0.049585 0.026797 0.962085
1305032384.798284 0.146655 -0.640192 -0.083086 -0.255870 -0.049760 0.035128 0.964790
1305032384.830384 0.157425 -0.625080 -0.087067 -0.239611 -0.052555 0.039884 0.968625
1305032384.866305 0.165063 -0.611293 -0.097179 -0.221521 -0.053755 0.043362 0.972707
1305032384.898278 0.170289 -0.595253 -0.109095 -0.203340 -0.054902 0.047615 0.976407
1305032384.930358 0.177129 -0.574825 -0.120770 -0.186181 -0.053945 0.051607 0.979675
1305032384.966321 0.184356 -0.558648 -0.129316 -0.171259 -0.052556 0.055759 0.982242
1305032384.998291 0.193178 -0.541214 -0.139886 -0.157403 -0.050240 0.059031 0.984487
1305032385.030348 0.201235 -0.528110 -0.152273 -0.145446 -0.046210 0.062329 0.986319
1305032385.066236 0.204437 -0.511255 -0.166338 -0.131710 -0.043445 0.067248 0.988050
1305032385.098221 0.216609 -0.489563 -0.179789 -0.122144 -0.041148 0.072864 0.988979
1305032385.130368 0.226284 -0.475041 -0.188258 -0.114829 -0.036674 0.076701 0.989740
1305032385.166295 0.238931 -0.456027 -0.204714 -0.104199 -0.032805 0.081183 0.990695
1305032385.198298 0.246466 -0.437066 -0.217052 -0.097400 -0.027110 0.086288 0.991127
1305032385.230529 0.251098 -0.425701 -0.223527 -0.090528 -0.022913 0.088017 0.991732
1305032385.266354 0.265095 -0.409659 -0.232614 -0.079380 -0.020812 0.085960 0.992913
1305032385.298337 0.265923 -0.382182 -0.245185 -0.069959 -0.014258 0.084023 0.993903
1305032385.330400 0.270426 -0.364049 -0.249107 -0.064122 -0.011007 0.079537 0.994707
1305032385.366405 0.283268 -0.347308 -0.256393 -0.057523 -0.009833 0.073241 0.995605
1305032385.398286 0.290364 -0.325987 -0.263236 -0.046363 -0.011195 0.066781 0.996627
1305032385.430290 0.299584 -0.310966 -0.268018 -0.036227 -0.012097 0.058663 0.997547
1305032385.466253 0.303880 -0.292603 -0.274139 -0.029220 -0.013741 0.053091 0.998067
1305032385.498209 0.308834 -0.285269 -0.265774 -0.018428 -0.018369 0.045821 0.998611
1305032385.530304 0.310325 -0.265790 -0.272482 -0.001126 -0.022037 0.042332 0.998860
1305032385.566282 0.320625 -0.240149 -0.267577 0.010069 -0.029423 0.039527 0.998734
1305032385.598292 0.318713 -0.217407 -0.268190 0.013982 -0.033642 0.037741 0.998623
1305032385.630323 0.318963 -0.196343 -0.266250 0.013986 -0.037001 0.038726 0.998467
1305032385.666392 0.316521 -0.192082 -0.260798 0.015789 -0.044043 0.043148 0.997973
1305032385.698221 0.317707 -0.167314 -0.257355 0.020144 -0.050877 0.049753 0.997261
1305032385.730305 0.310976 -0.154765 -0.256907 0.018684 -0.055927 0.057051 0.996628
1305032385.766216 0.310157 -0.145011 -0.253846 0.019674 -0.062059 0.065566 0.995722
1305032385.830307 0.296683 -0.132454 -0.256634 0.017558 -0.059385 0.091998 0.993832
1305032385.866318 0.321291 -0.110076 -0.253519 0.026758 -0.061187 0.104833 0.992245
1305032385.930288 0.317986 -0.084740 -0.251401 0.038396 -0.059964 0.132028 0.988685
1305032385.966310 0.333083 -0.074330 -0.254858 0.042809 -0.060580 0.138361 0.987600
1305032385.998400 0.337740 -0.063342 -0.250906 0.048314 -0.059504 0.142785 0.986781
1305032386.030330 0.337134 -0.050893 -0.250964 0.055046 -0.056940 0.151012 0.985354
1305032386.066256 0.340616 -0.035857 -0.251243 0.057318 -0.054767 0.160663 0.983820
1305032386.130381 0.328182 -0.005831 -0.232612 0.063324 -0.060777 0.176935 0.980301
1305032386.166258 0.338106 0.009306 -0.217656 0.063591 -0.069938 0.181647 0.978810
1305032386.230319 0.334760 0.013969 -0.198244 0.054266 -0.091161 0.190682 0.975902
1305032386.266337 0.327549 0.018045 -0.194210 0.049706 -0.103783 0.192929 0.974442
1305032386.330294 0.339983 0.029517 -0.174442 0.036057 -0.130665 0.192435 0.971903
1305032386.366261 0.343299 0.041595 -0.165824 0.028349 -0.144413 0.188685 0.970948
1305032386.430384 0.345393 0.032132 -0.162376 0.006129 -0.167472 0.175001 0.970201
1305032386.466238 0.354750 0.023973 -0.158124 -0.001347 -0.178893 0.163398 0.970204
1305032386.498351 0.359343 0.017709 -0.154713 -0.009350 -0.190094 0.154058 0.969558
1305032386.530449 0.356763 0.008319 -0.144915 -0.011270 -0.202497 0.145689 0.968319
1305032386.566270 0.366368 -0.002557 -0.131926 -0.013858 -0.214803 0.133307 0.967418
1305032386.598281 0.371015 -0.014588 -0.128474 -0.018864 -0.224816 0.124540 0.966225
1305032386.630302 0.374902 -0.031182 -0.116445 -0.020756 -0.234806 0.116757 0.964781
1305032386.666363 0.382156 -0.053745 -0.107228 -0.021408 -0.240521 0.109085 0.964257
1305032386.698268 0.392599 -0.055937 -0.108046 -0.023351 -0.245254 0.103296 0.963657
1305032386.730306 0.398701 -0.064561 -0.106193 -0.027528 -0.250747 0.096496 0.962838
1305032386.766239 0.413529 -0.072741 -0.099754 -0.035344 -0.256604 0.086596 0.961981
1305032386.798231 0.408593 -0.072870 -0.098617 -0.042226 -0.258678 0.079165 0.961788
1305032386.830304 0.425006 -0.088843 -0.095429 -0.055378 -0.264246 0.068724 0.960408
1305032386.866257 0.434229 -0.091684 -0.089380 -0.068324 -0.266971 0.057089 0.959583
1305032386.930353 0.449021 -0.109663 -0.077195 -0.105170 -0.273053 0.040070 0.955393
1305032386.966319 0.460187 -0.115453 -0.079847 -0.123472 -0.274936 0.029032 0.953059
1305032387.030343 0.478449 -0.148313 -0.066071 -0.164911 -0.277878 0.016299 0.946215
1305032387.066271 0.490392 -0.174763 -0.057964 -0.177589 -0.280698 0.012134 0.943146
1305032387.130350 0.513057 -0.196343 -0.051786 -0.186366 -0.286118 -0.006299 0.939875
1305032387.166222 0.515444 -0.226391 -0.043670 -0.201117 -0.285653 -0.024603 0.936669
1305032387.198268 0.528857 -0.244572 -0.034467 -0.208288 -0.284648 -0.033174 0.935142
1305032387.230283 0.536599 -0.264488 -0.030408 -0.211594 -0.280349 -0.041469 0.935368
1305032387.298368 0.574089 -0.318622 0.013879 -0.223525 -0.282223 -0.061703 0.930902
1305032387.330577 0.565797 -0.316376 -0.007080 -0.224123 -0.274285 -0.074499 0.932194
1305032387.366220 0.573835 -0.327164 -0.013200 -0.232759 -0.271135 -0.082958 0.930283
1305032387.398271 0.583704 -0.345111 -0.002381 -0.240131 -0.271907 -0.091056 0.927423
1305032387.430273 0.591228 -0.361275 0.003347 -0.244536 -0.272924 -0.096822 0.925386
1305032387.466265 0.593052 -0.374075 0.009274 -0.252225 -0.273227 -0.104233 0.922423
1305032387.498285 0.599361 -0.390199 0.017186 -0.257779 -0.273181 -0.112541 0.919922
1305032387.530295 0.602963 -0.405255 0.025414 -0.259312 -0.275573 -0.118931 0.917972
1305032387.598263 0.602575 -0.428019 0.038663 -0.262147 -0.288274 -0.135332 0.910968
1305032387.630372 0.606944 -0.441774 0.046103 -0.264098 -0.296275 -0.145595 0.906243
1305032387.666258 0.613426 -0.457559 0.051326 -0.265083 -0.305947 -0.156105 0.900977
1305032387.730288 0.615130 -0.480199 0.064625 -0.270532 -0.322202 -0.170049 0.891113
1305032387.766251 0.617554 -0.491276 0.072709 -0.277358 -0.328267 -0.176849 0.885459
1305032387.830291 0.624738 -0.512125 0.084620 -0.297923 -0.337315 -0.192631 0.871983
1305032387.866424 0.621275 -0.516477 0.098330 -0.307767 -0.339891 -0.194471 0.867142
1305032387.898274 0.622047 -0.523835 0.106986 -0.320848 -0.339724 -0.189010 0.863666
1305032387.930296 0.624112 -0.533794 0.116368 -0.335451 -0.340411 -0.186052 0.858474
1305032387.998271 0.630770 -0.550391 0.136852 -0.348757 -0.344836 -0.192000 0.850055
1305032388.030284 0.631216 -0.557431 0.148766 -0.349063 -0.346732 -0.198738 0.847606
1305032388.066278 0.639349 -0.567546 0.157946 -0.349571 -0.349471 -0.206393 0.844436
1305032388.098203 0.639076 -0.575346 0.167786 -0.346977 -0.351187 -0.211534 0.843521
1305032388.130279 0.640011 -0.585014 0.175620 -0.343970 -0.354400 -0.212491 0.843168
1305032388.166206 0.639552 -0.594918 0.186074 -0.340281 -0.359498 -0.212876 0.842410
1305032388.198299 0.644147 -0.608709 0.196603 -0.336887 -0.364094 -0.212186 0.841974
1305032388.230288 0.649341 -0.618643 0.200258 -0.334911 -0.366428 -0.210744 0.842112
1305032388.266264 0.652239 -0.629889 0.207649 -0.335359 -0.369031 -0.207940 0.841494
1305032388.298267 0.654642 -0.642085 0.215518 -0.337659 -0.371269 -0.203852 0.840589
1305032388.330289 0.653118 -0.651202 0.227571 -0.337021 -0.373736 -0.198781 0.840966
1305032388.366200 0.655976 -0.660304 0.237838 -0.335038 -0.377330 -0.192978 0.841505
1305032388.398324 0.658322 -0.670822 0.243520 -0.334265 -0.378957 -0.187325 0.842359
1305032388.430353 0.657677 -0.681717 0.256689 -0.334438 -0.380453 -0.181239 0.842947
1305032388.466360 0.659826 -0.688729 0.262701 -0.332061 -0.382017 -0.178234 0.843819
1305032388.498314 0.658618 -0.697551 0.272791 -0.328760 -0.385172 -0.178021 0.843722
1305032388.530317 0.655914 -0.706531 0.279692 -0.324329 -0.389294 -0.178423 0.843461
1305032388.566433 0.651018 -0.712789 0.282292 -0.320594 -0.394749 -0.180266 0.841960
1305032388.598102 0.649513 -0.723146 0.291208 -0.318021 -0.400960 -0.183457 0.839308
1305032388.630638 0.644910 -0.729590 0.302035 -0.312867 -0.406952 -0.189073 0.837111
1305032388.666463 0.644305 -0.742386 0.302876 -0.310933 -0.410489 -0.196102 0.834484
1305032388.698276 0.637838 -0.754268 0.301643 -0.312827 -0.412586 -0.207237 0.830039
1305032388.730300 0.632633 -0.761403 0.308037 -0.314635 -0.415482 -0.217707 0.825217
1305032388.766466 0.622114 -0.765022 0.313742 -0.316568 -0.417764 -0.227509 0.820669
1305032388.798291 0.612703 -0.773755 0.320585 -0.319217 -0.420776 -0.234192 0.816212
1305032388.830274 0.603219 -0.779872 0.331207 -0.322253 -0.424212 -0.237480 0.812281
1305032388.866265 0.590583 -0.774525 0.338467 -0.321002 -0.428226 -0.238504 0.810368
1305032388.898315 0.587791 -0.776899 0.345239 -0.318757 -0.433317 -0.240115 0.808069
1305032388.966222 0.569803 -0.783845 0.357848 -0.315553 -0.442740 -0.243703 0.803129
1305032388.998435 0.563489 -0.786758 0.365335 -0.314243 -0.447160 -0.242350 0.801602
1305032389.030354 0.557372 -0.789334 0.368497 -0.313432 -0.452068 -0.242581 0.799093
1305032389.066283 0.555348 -0.788215 0.376887 -0.310000 -0.459613 -0.245657 0.795178
1305032389.098475 0.548577 -0.788807 0.385852 -0.305417 -0.465902 -0.250953 0.791630
1305032389.130339 0.546917 -0.787299 0.389116 -0.301899 -0.470581 -0.255234 0.788838
1305032389.166249 0.547296 -0.792065 0.396766 -0.301083 -0.475113 -0.259352 0.785081
1305032389.198192 0.537551 -0.789193 0.408635 -0.295719 -0.480620 -0.263726 0.782306
1305032389.230352 0.535375 -0.784149 0.410628 -0.289030 -0.484935 -0.267926 0.780715
1305032389.266261 0.536792 -0.784622 0.411968 -0.284920 -0.490834 -0.271798 0.777192
1305032389.298468 0.538380 -0.781579 0.418747 -0.280694 -0.498791 -0.275185 0.772458
1305032389.330364 0.540083 -0.778917 0.422156 -0.276646 -0.504726 -0.277487 0.769233
1305032389.366289 0.548572 -0.776522 0.425239 -0.274922 -0.508963 -0.279156 0.766451
1305032389.398221 0.554328 -0.776322 0.431492 -0.276219 -0.512288 -0.280866 0.763137
1305032389.430273 0.555308 -0.772925 0.440776 -0.275423 -0.516982 -0.281657 0.759961
1305032389.466345 0.559098 -0.769012 0.447510 -0.272347 -0.521838 -0.280548 0.758159
1305032389.498274 0.566894 -0.765932 0.448798 -0.272313 -0.525245 -0.280366 0.755882
1305032389.530390 0.574369 -0.763905 0.455254 -0.272359 -0.528164 -0.281883 0.753263
1305032389.566312 0.580843 -0.760358 0.462313 -0.271063 -0.529963 -0.282624 0.752189
1305032389.598318 0.589529 -0.753480 0.462812 -0.269331 -0.532467 -0.282657 0.751029
1305032389.630446 0.596626 -0.755817 0.468318 -0.271543 -0.535733 -0.282236 0.748063
1305032389.666311 0.600027 -0.752084 0.475265 -0.270499 -0.537883 -0.280385 0.747594
1305032389.698354 0.601789 -0.743112 0.478033 -0.266531 -0.539043 -0.274976 0.750188
1305032389.730325 0.611883 -0.739205 0.481252 -0.263386 -0.541677 -0.270733 0.750945
1305032389.766305 0.622143 -0.736400 0.486754 -0.260706 -0.543991 -0.266777 0.751623
1305032389.798350 0.625374 -0.727915 0.493267 -0.256041 -0.545687 -0.260309 0.754260
1305032389.830333 0.632971 -0.721385 0.495727 -0.251543 -0.547347 -0.251545 0.757537
1305032389.866297 0.642194 -0.717066 0.500428 -0.248409 -0.548934 -0.244266 0.759801
1305032389.898298 0.645176 -0.709279 0.500863 -0.240360 -0.551330 -0.238844 0.762375
1305032389.930390 0.647821 -0.700395 0.502565 -0.227483 -0.558410 -0.234070 0.762654
1305032389.966584 0.653467 -0.688629 0.502565 -0.213809 -0.566914 -0.227396 0.762355
1305032389.998160 0.655869 -0.682238 0.503130 -0.202611 -0.575140 -0.220577 0.761255
1305032390.030360 0.660256 -0.668468 0.498572 -0.187253 -0.584802 -0.215209 0.759360
1305032390.066362 0.664304 -0.664248 0.499949 -0.178929 -0.590882 -0.210485 0.757983
1305032390.098296 0.678571 -0.654320 0.494471 -0.172464 -0.592136 -0.206033 0.759724
1305032390.130365 0.671922 -0.642179 0.494730 -0.166756 -0.593412 -0.200093 0.761588
1305032390.166283 0.673022 -0.632003 0.494216 -0.160657 -0.594673 -0.191456 0.764132
1305032390.198282 0.680070 -0.625482 0.494475 -0.155932 -0.595775 -0.186072 0.765581
1305032390.230411 0.677921 -0.608414 0.489906 -0.147133 -0.595091 -0.179981 0.769302
1305032390.266217 0.678056 -0.596669 0.489830 -0.139629 -0.594343 -0.168791 0.773802
1305032390.298276 0.684893 -0.584928 0.489095 -0.133827 -0.594217 -0.159228 0.776945
1305032390.330278 0.687372 -0.569597 0.486608 -0.128013 -0.592428 -0.147749 0.781544
1305032390.366126 0.691747 -0.562554 0.484015 -0.126183 -0.592026 -0.137344 0.784041
1305032390.398300 0.694573 -0.548688 0.487252 -0.121957 -0.594111 -0.126152 0.785012
1305032390.430297 0.695465 -0.546911 0.489858 -0.117949 -0.596551 -0.117697 0.785088
1305032390.466247 0.700946 -0.531913 0.495087 -0.112022 -0.598823 -0.109727 0.785380
1305032390.498379 0.698093 -0.529254 0.483429 -0.109698 -0.598181 -0.103496 0.787041
1305032390.566260 0.706249 -0.507443 0.494242 -0.098327 -0.602263 -0.085716 0.787568
1305032390.598269 0.707596 -0.494458 0.493785 -0.093597 -0.602719 -0.076114 0.788782
1305032390.630354 0.708751 -0.485570 0.501248 -0.088766 -0.603468 -0.066916 0.789601
1305032390.666360 0.711287 -0.478466 0.491464 -0.082115 -0.600264 -0.058304 0.793436
1305032390.698339 0.715100 -0.480866 0.492453 -0.079297 -0.600117 -0.053068 0.794201
1305032390.730324 0.719806 -0.471482 0.497185 -0.076547 -0.601247 -0.047067 0.793995
1305032390.766286 0.725830 -0.460860 0.493441 -0.075209 -0.600366 -0.041601 0.795093
1305032390.798308 0.733321 -0.456677 0.496413 -0.077217 -0.600572 -0.038268 0.794913
1305032390.830359 0.730964 -0.438792 0.499367 -0.076858 -0.600637 -0.034553 0.795069
1305032390.866336 0.735409 -0.424228 0.510545 -0.075042 -0.602827 -0.028895 0.793810
1305032390.898311 0.738898 -0.418633 0.516029 -0.075153 -0.604173 -0.024797 0.792914
1305032390.930353 0.742921 -0.391876 0.525123 -0.070112 -0.605970 -0.019603 0.792149
1305032390.966292 0.738373 -0.389298 0.536227 -0.065591 -0.608467 -0.014774 0.790726
1305032390.998365 0.739735 -0.376525 0.553538 -0.055917 -0.613606 -0.007716 0.787592
1305032391.030566 0.749318 -0.357432 0.548438 -0.050357 -0.615706 -0.003846 0.786356
1305032391.066281 0.751161 -0.344339 0.540632 -0.050540 -0.614281 -0.001530 0.787466
1305032391.098310 0.750675 -0.335112 0.555137 -0.052311 -0.617192 0.002872 0.785067
1305032391.130361 0.743315 -0.316823 0.570146 -0.046992 -0.621800 0.008553 0.781719
1305032391.166263 0.747976 -0.309427 0.568469 -0.043544 -0.623641 0.012498 0.780397
1305032391.198275 0.750784 -0.293381 0.569410 -0.042491 -0.623979 0.017045 0.780099
1305032391.230301 0.749770 -0.277040 0.572306 -0.042964 -0.624979 0.024554 0.779072
1305032391.266335 0.746797 -0.259107 0.575460 -0.041290 -0.626331 0.031293 0.777834
1305032391.298278 0.750908 -0.253294 0.585094 -0.043012 -0.629063 0.035453 0.775354
1305032391.330276 0.748027 -0.234615 0.585483 -0.043950 -0.630766 0.042030 0.773587
1305032391.366253 0.747820 -0.223248 0.584049 -0.045898 -0.631729 0.048457 0.772311
1305032391.398298 0.752138 -0.222922 0.598804 -0.050192 -0.635035 0.052213 0.769081
1305032391.430307 0.750987 -0.208843 0.607769 -0.053200 -0.639019 0.056766 0.765247
1305032391.466196 0.758633 -0.218815 0.618121 -0.059953 -0.642563 0.059108 0.761593
1305032391.498122 0.760003 -0.204941 0.616886 -0.064971 -0.643135 0.063400 0.760353
1305032391.530302 0.740760 -0.162857 0.586672 -0.062665 -0.638591 0.071543 0.763647
1305032391.566367 0.739150 -0.163841 0.589523 -0.067031 -0.639403 0.079490 0.761808
1305032391.598147 0.749314 -0.162064 0.616575 -0.072455 -0.643996 0.084851 0.756849
1305032391.630273 0.744491 -0.148974 0.610979 -0.075328 -0.644251 0.089761 0.755784
1305032391.666362 0.738993 -0.125722 0.625207 -0.076224 -0.648332 0.094845 0.751572
1305032391.698346 0.736727 -0.128847 0.621137 -0.082854 -0.650995 0.097704 0.748194
1305032391.730278 0.737756 -0.123838 0.617673 -0.087945 -0.653450 0.095753 0.745721
1305032391.766303 0.732540 -0.107361 0.613684 -0.088482 -0.654071 0.093904 0.745348
1305032391.798157 0.735297 -0.115723 0.604085 -0.094988 -0.652240 0.094424 0.746086
1305032391.830252 0.733501 -0.109373 0.600163 -0.101520 -0.648285 0.093483 0.748787
1305032391.866276 0.726842 -0.089990 0.594836 -0.101850 -0.643246 0.094277 0.752976
1305032391.898229 0.722391 -0.079228 0.590939 -0.100647 -0.639769 0.097233 0.755719
1305032391.930429 0.729258 -0.098643 0.604538 -0.106360 -0.639558 0.095874 0.755289
1305032391.966414 0.721762 -0.095286 0.615572 -0.106830 -0.640889 0.091805 0.754599
