# TF Coordinate Frame ID: openni_rgb_optical_frame(data: openni_rgb_optical_frame)
1305032353.993165 -0.028158 -0.114705 -0.260166 0.029900 0.114470 0.006435 0.992956
1305032354.057249 -0.026614 -0.126744 -0.261660 0.010558 0.116889 -0.001130 0.993088
1305032354.093194 -0.023696 -0.136704 -0.263939 0.001232 0.114137 -0.000769 0.993464
1305032354.125261 -0.036830 -0.124991 -0.262730 -0.010872 0.118238 -0.004478 0.992916
1305032354.157308 -0.037837 -0.130416 -0.270414 -0.025964 0.121727 -0.000199 0.992224
1305032354.193245 -0.036642 -0.161109 -0.269189 -0.043982 0.122746 0.008950 0.991423
1305032354.225326 -0.038500 -0.161247 -0.273780 -0.055468 0.125217 0.010967 0.990517
1305032354.257317 -0.027125 -0.197526 -0.274816 -0.074810 0.125174 0.016531 0.989172
1305032354.293299 -0.018631 -0.258655 -0.274741 -0.090298 0.125262 0.018043 0.987841
1305032354.325326 -0.009492 -0.274899 -0.275713 -0.095555 0.123104 0.014757 0.987672
1305032354.357420 -0.010918 -0.292651 -0.274758 -0.101539 0.123085 0.009745 0.987140
1305032354.394078 -0.011315 -0.326085 -0.274817 -0.109033 0.122685 0.004879 0.986426
1305032354.457427 -0.015323 -0.353387 -0.289845 -0.119880 0.122585 -0.003011 0.985187
1305032354.493265 -0.022888 -0.356559 -0.288819 -0.128652 0.125298 -0.005114 0.983729
1305032354.525430 -0.025100 -0.387136 -0.293359 -0.141957 0.129165 -0.001629 0.981408
1305032354.557471 -0.031930 -0.396307 -0.297726 -0.156801 0.134924 0.003505 0.978364
1305032354.593446 -0.025150 -0.411626 -0.302851 -0.173089 0.137593 0.013151 0.975159
1305032354.625455 -0.028468 -0.434216 -0.305565 -0.186204 0.141324 0.024558 0.971984
1305032354.657511 -0.023199 -0.438627 -0.301009 -0.196230 0.143320 0.032515 0.969482
1305032354.693491 -0.024154 -0.455116 -0.305404 -0.206101 0.143244 0.040771 0.967130
1305032354.725481 -0.020105 -0.458630 -0.305681 -0.215653 0.140066 0.045354 0.965307
1305032354.757506 -0.017022 -0.478522 -0.303000 -0.227841 0.135111 0.046404 0.963161
1305032354.793541 -0.015853 -0.490604 -0.296579 -0.234694 0.131224 0.044308 0.962152
1305032354.825638 -0.012177 -0.500857 -0.292553 -0.239668 0.126306 0.040315 0.961759
1305032354.857806 -0.008135 -0.517423 -0.301405 -0.246492 0.121743 0.036491 0.960775
1305032354.893584 -0.005494 -0.531768 -0.299154 -0.254416 0.117183 0.032158 0.959430
1305032354.925606 -0.004398 -0.547491 -0.301267 -0.262032 0.110897 0.028496 0.958243
1305032354.957696 0.001872 -0.563324 -0.302724 -0.275245 0.103614 0.022075 0.955519
1305032354.993644 0.005638 -0.574225 -0.301690 -0.280343 0.098575 0.013176 0.954734
1305032355.025740 0.009889 -0.585454 -0.303526 -0.293795 0.092246 0.007127 0.951380
1305032355.057739 0.013574 -0.599111 -0.297045 -0.308681 0.084650 -0.005273 0.947377
1305032355.093693 0.011895 -0.614503 -0.297210 -0.317107 0.075726 -0.016186 0.945223
1305032355.126036 0.021136 -0.636685 -0.295561 -0.326845 0.061970 -0.024598 0.942723
1305032355.157776 0.023499 -0.645244 -0.295056 -0.336848 0.048202 -0.029646 0.939857
1305032355.193731 0.024526 -0.655833 -0.287288 -0.349335 0.034210 -0.035149 0.935713
1305032355.226048 0.021833 -0.670469 -0.273665 -0.359289 0.019455 -0.040884 0.932127
1305032355.258300 0.023761 -0.676717 -0.271803 -0.364118 0.001226 -0.043216 0.930349
1305032355.293834 0.026919 -0.699449 -0.258453 -0.370177 -0.017835 -0.045629 0.927669
1305032355.325951 0.027572 -0.706768 -0.251500 -0.373453 -0.035639 -0.046972 0.925773
1305032355.357924 0.038559 -0.717188 -0.241253 -0.379590 -0.052619 -0.045939 0.922514
1305032355.393862 0.044517 -0.728952 -0.231545 -0.382039 -0.069257 -0.048254 0.920283
1305032355.426175 0.057187 -0.732727 -0.224263 -0.381759 -0.084038 -0.051540 0.918989
1305032355.458105 0.063128 -0.747368 -0.210737 -0.381006 -0.096359 -0.058558 0.917671
1305032355.493906 0.077847 -0.748132 -0.198293 -0.376094 -0.113034 -0.059900 0.917708
1305032355.526033 0.078677 -0.757723 -0.200817 -0.372434 -0.125439 -0.062593 0.917409
1305032355.558083 0.091467 -0.761760 -0.193112 -0.369140 -0.138585 -0.061763 0.916905
1305032355.593965 0.102860 -0.768250 -0.189992 -0.366874 -0.148982 -0.062625 0.916125
1305032355.626009 0.131728 -0.760804 -0.170505 -0.364443 -0.159273 -0.061332 0.915452
1305032355.658217 0.141706 -0.776294 -0.160661 -0.360202 -0.163154 -0.064589 0.916222
1305032355.693969 0.157035 -0.787941 -0.153662 -0.357737 -0.170387 -0.061936 0.916055
1305032355.726186 0.174510 -0.788220 -0.147290 -0.351752 -0.180101 -0.061350 0.916554
1305032355.758127 0.200394 -0.788252 -0.139426 -0.342897 -0.186166 -0.058586 0.918875
1305032355.794028 0.197855 -0.817887 -0.171246 -0.344636 -0.179414 -0.060294 0.919457
1305032355.826208 0.252456 -0.796080 -0.126387 -0.338820 -0.187978 -0.064159 0.919646
1305032355.858151 0.267287 -0.805564 -0.104538 -0.315970 -0.184958 -0.071040 0.927851
1305032355.894072 0.280741 -0.828145 -0.114897 -0.301496 -0.182760 -0.079987 0.932363
1305032355.926240 0.273870 -0.853133 -0.159135 -0.297937 -0.176965 -0.088885 0.933818
1305032355.960142 0.265146 -0.866387 -0.194032 -0.303992 -0.168246 -0.084754 0.933862
1305032355.994102 0.267755 -0.870033 -0.203805 -0.314814 -0.163374 -0.079745 0.931580
1305032356.026405 0.271443 -0.853811 -0.204146 -0.323373 -0.167632 -0.068151 0.928808
1305032356.058305 0.283953 -0.877374 -0.177871 -0.329525 -0.181679 -0.061889 0.924432
1305032356.094166 0.304815 -0.873685 -0.164576 -0.324560 -0.194546 -0.051327 0.924218
1305032356.126384 0.326736 -0.866088 -0.172321 -0.325754 -0.202735 -0.045231 0.922354
1305032356.158192 0.346203 -0.878025 -0.164204 -0.325272 -0.218505 -0.057735 0.918216
1305032356.194205 0.358530 -0.872568 -0.148824 -0.325599 -0.223429 -0.065591 0.916386
1305032356.226397 0.377168 -0.855313 -0.120710 -0.310160 -0.242220 -0.079530 0.915863
1305032356.258136 0.368347 -0.861968 -0.107202 -0.295183 -0.254651 -0.090189 0.916453
1305032356.294287 0.368092 -0.872782 -0.140422 -0.286992 -0.249915 -0.091057 0.920264
1305032356.326174 0.383575 -0.860222 -0.136420 -0.282951 -0.258304 -0.091272 0.919177
1305032356.358126 0.377164 -0.838170 -0.132456 -0.280188 -0.260340 -0.075470 0.920881
1305032356.394266 0.384618 -0.814448 -0.121160 -0.273478 -0.267978 -0.062936 0.921649
1305032356.426275 0.384513 -0.819190 -0.123604 -0.253681 -0.272908 -0.060228 0.926034
1305032356.458392 0.394939 -0.811867 -0.113286 -0.236903 -0.279396 -0.064279 0.928269
1305032356.494313 0.400912 -0.802310 -0.102060 -0.222890 -0.285290 -0.063570 0.929994
1305032356.526317 0.437936 -0.796555 -0.078356 -0.210209 -0.288810 -0.068937 0.931477
1305032356.562184 0.441783 -0.786031 -0.080140 -0.191667 -0.285766 -0.081684 0.935377
1305032356.594216 0.453260 -0.797137 -0.081045 -0.185982 -0.280472 -0.091797 0.937187
1305032356.626255 0.473364 -0.816539 -0.063809 -0.183353 -0.280236 -0.107164 0.936144
1305032356.662128 0.468216 -0.763606 -0.087782 -0.172989 -0.269972 -0.104212 0.941451
1305032356.694251 0.477952 -0.746002 -0.075886 -0.156292 -0.269099 -0.107724 0.944221
1305032356.727811 0.489511 -0.746721 -0.071993 -0.147858 -0.267516 -0.108650 0.945922
1305032356.762124 0.492126 -0.721083 -0.076323 -0.136472 -0.262561 -0.101045 0.949856
1305032356.794439 0.501842 -0.725433 -0.075519 -0.134770 -0.260255 -0.095956 0.951261
1305032356.826332 0.503887 -0.689953 -0.074522 -0.119674 -0.259790 -0.091436 0.953848
1305032356.862093 0.518188 -0.657806 -0.079137 -0.102468 -0.262524 -0.079373 0.956181
1305032356.894157 0.527447 -0.638239 -0.073018 -0.097498 -0.265445 -0.069639 0.956652
1305032356.926430 0.539070 -0.614659 -0.070494 -0.096119 -0.268531 -0.059115 0.956639
1305032356.962104 0.534166 -0.588101 -0.074834 -0.093732 -0.270532 -0.045012 0.957079
1305032356.994344 0.549727 -0.573939 -0.066366 -0.093927 -0.276592 -0.031464 0.955869
1305032357.026198 0.552756 -0.568097 -0.070622 -0.095041 -0.278868 -0.021292 0.955378
1305032357.062032 0.557757 -0.539294 -0.060090 -0.089822 -0.285211 -0.010643 0.954187
1305032357.094119 0.554719 -0.521060 -0.061751 -0.083110 -0.291594 -0.003009 0.952920
1305032357.126181 0.554052 -0.513179 -0.056435 -0.079392 -0.301296 0.010492 0.950162
1305032357.162138 0.572273 -0.493937 -0.051879 -0.073698 -0.307993 0.009276 0.948485
1305032357.194135 0.575696 -0.471885 -0.050764 -0.069658 -0.311644 0.011543 0.947572
1305032357.226208 0.566859 -0.481744 -0.051062 -0.067518 -0.316448 0.020798 0.945975
1305032357.262119 0.591195 -0.442418 -0.041767 -0.053294 -0.322250 0.030596 0.944658
1305032357.294359 0.591742 -0.411772 -0.048242 -0.042146 -0.318081 0.037355 0.946389
1305032357.326423 0.613345 -0.382646 -0.038426 -0.034476 -0.320536 0.042594 0.945650
1305032357.362141 0.610156 -0.359192 -0.048507 -0.028300 -0.319235 0.056114 0.945589
1305032357.394180 0.611895 -0.333158 -0.053535 -0.023173 -0.317544 0.058416 0.946159
1305032357.426241 0.615335 -0.315894 -0.057434 -0.026808 -0.314718 0.064046 0.946643
1305032357.462161 0.614876 -0.286937 -0.061472 -0.027487 -0.313734 0.070836 0.946466
1305032357.494175 0.622616 -0.248235 -0.059011 -0.030782 -0.313792 0.081195 0.945513
1305032357.526138 0.625083 -0.257211 -0.068604 -0.042028 -0.310704 0.088488 0.945445
1305032357.562096 0.631127 -0.244766 -0.070684 -0.046958 -0.308540 0.094403 0.945350
1305032357.594163 0.631551 -0.226073 -0.076390 -0.048958 -0.307046 0.099189 0.945245
1305032357.626377 0.633647 -0.198022 -0.079077 -0.050621 -0.305684 0.098355 0.945685
1305032357.662521 0.640804 -0.209755 -0.087176 -0.061279 -0.303097 0.097496 0.945977
1305032357.694376 0.636967 -0.206356 -0.098188 -0.067723 -0.298237 0.099351 0.946888
1305032357.726393 0.643927 -0.182252 -0.095511 -0.069141 -0.294127 0.095952 0.948421
1305032357.762121 0.651617 -0.175821 -0.104739 -0.075169 -0.288971 0.094968 0.949645
1305032357.794161 0.657253 -0.173876 -0.100718 -0.079058 -0.283790 0.092567 0.951128
1305032357.826324 0.661366 -0.160365 -0.105822 -0.080217 -0.278967 0.089519 0.952748
1305032357.862505 0.669183 -0.143000 -0.108595 -0.083791 -0.272226 0.084511 0.954845
1305032357.894124 0.665635 -0.147795 -0.115136 -0.087902 -0.263050 0.081447 0.957311
1305032357.926354 0.667102 -0.155869 -0.125245 -0.086811 -0.252823 0.081386 0.960167
1305032357.962026 0.668069 -0.146014 -0.125836 -0.083097 -0.247027 0.084984 0.961691
1305032357.994307 0.651123 -0.130705 -0.135729 -0.077102 -0.243028 0.084337 0.963265
1305032358.026118 0.650752 -0.122768 -0.134477 -0.069833 -0.240090 0.088506 0.964182
1305032358.062141 0.643675 -0.129255 -0.133726 -0.060335 -0.237641 0.096409 0.964672
1305032358.094314 0.634598 -0.115320 -0.136306 -0.049978 -0.234287 0.092498 0.966466
1305032358.126463 0.619805 -0.124362 -0.130389 -0.037486 -0.234078 0.094286 0.966909
1305032358.162196 0.619965 -0.124010 -0.126462 -0.023532 -0.235109 0.095722 0.966958
1305032358.194216 0.605848 -0.114658 -0.128818 -0.011995 -0.235497 0.096076 0.967040
1305032358.226169 0.594808 -0.112399 -0.114644 0.001575 -0.238594 0.098902 0.966069
1305032358.262242 0.582469 -0.106284 -0.118799 0.014980 -0.240872 0.102671 0.964995
1305032358.294169 0.576978 -0.090341 -0.114882 0.021452 -0.244207 0.106844 0.963580
1305032358.326228 0.561662 -0.098201 -0.105295 0.030732 -0.248545 0.112076 0.961623
1305032358.362036 0.558217 -0.097942 -0.102879 0.036530 -0.252692 0.115801 0.959897
1305032358.394045 0.554514 -0.045417 -0.093075 0.042987 -0.261610 0.121541 0.956525
1305032358.425953 0.541724 -0.055159 -0.087228 0.044729 -0.269693 0.120792 0.954292
1305032358.462021 0.539553 -0.060134 -0.084340 0.048596 -0.277264 0.120978 0.951907
1305032358.494091 0.551003 -0.011974 -0.074428 0.048470 -0.280992 0.123004 0.950560
1305032358.526638 0.541369 -0.004021 -0.079320 0.042535 -0.280568 0.124501 0.950774
1305032358.562103 0.542771 0.009064 -0.071345 0.040985 -0.279955 0.124497 0.951024
1305032358.594031 0.544166 -0.005902 -0.077655 0.034339 -0.277351 0.127540 0.951646
1305032358.626292 0.549590 0.008165 -0.073492 0.031845 -0.277835 0.124205 0.952033
1305032358.661907 0.549690 0.001674 -0.075192 0.029175 -0.277649 0.122363 0.952411
1305032358.694080 0.550960 -0.005651 -0.074059 0.027808 -0.278193 0.122600 0.952263
1305032358.726315 0.550128 -0.005596 -0.075438 0.027013 -0.278104 0.123183 0.952236
1305032358.762028 0.559719 -0.031713 -0.073824 0.026940 -0.281253 0.122945 0.951344
1305032358.794035 0.564343 -0.044415 -0.070424 0.030076 -0.285707 0.120439 0.950243
1305032358.826156 0.562728 -0.035008 -0.068012 0.036077 -0.291891 0.117244 0.948553
1305032358.862241 0.571636 -0.062446 -0.074824 0.035491 -0.300569 0.116275 0.945980
1305032358.894464 0.570152 -0.074436 -0.071492 0.041350 -0.303170 0.111830 0.945448
1305032358.926427 0.577894 -0.061034 -0.069797 0.044121 -0.309324 0.110955 0.943431
1305032358.962241 0.574287 -0.097399 -0.076939 0.037652 -0.311947 0.109230 0.943048
1305032358.994407 0.584871 -0.104398 -0.081374 0.037069 -0.317830 0.100541 0.942073
1305032359.026158 0.607010 -0.092665 -0.072206 0.031717 -0.325511 0.094197 0.940300
1305032359.062253 0.603360 -0.089518 -0.084085 0.024118 -0.324459 0.079641 0.942233
1305032359.094092 0.631536 -0.096723 -0.073998 0.015563 -0.328292 0.069834 0.941863
1305032359.126199 0.631340 -0.098278 -0.078274 0.007644 -0.326344 0.062224 0.943170
1305032359.162210 0.641567 -0.103715 -0.083827 -0.001907 -0.323218 0.054678 0.944742
1305032359.194261 0.656956 -0.118348 -0.086495 -0.013061 -0.320822 0.044166 0.946019
1305032359.226273 0.667345 -0.176576 -0.102966 -0.033548 -0.315743 0.032242 0.947703
1305032359.262098 0.682078 -0.206767 -0.111652 -0.054136 -0.310323 0.026627 0.948715
1305032359.294269 0.691046 -0.214684 -0.112013 -0.071200 -0.304829 0.018848 0.949555
1305032359.326149 0.696711 -0.235626 -0.118113 -0.085412 -0.301390 0.008573 0.949629
1305032359.362167 0.700470 -0.256720 -0.123281 -0.100688 -0.297442 -0.000462 0.949416
1305032359.394278 0.697524 -0.276500 -0.132589 -0.115862 -0.292185 -0.006785 0.949293
1305032359.426269 0.706325 -0.303875 -0.128149 -0.129135 -0.292143 -0.014334 0.947508
1305032359.462531 0.714608 -0.326889 -0.126209 -0.137298 -0.290781 -0.025807 0.946536
1305032359.494170 0.716360 -0.341155 -0.130855 -0.147490 -0.288059 -0.035264 0.945529
1305032359.526344 0.721267 -0.375165 -0.123221 -0.157767 -0.289183 -0.041035 0.943292
1305032359.561974 0.729163 -0.394214 -0.116644 -0.163409 -0.288964 -0.042926 0.942313
1305032359.593965 0.730450 -0.415815 -0.119824 -0.176441 -0.284561 -0.048076 0.941054
1305032359.626579 0.735319 -0.434632 -0.113384 -0.191300 -0.275444 -0.049394 0.940795
1305032359.662143 0.732797 -0.452679 -0.109060 -0.205901 -0.279916 -0.049308 0.936387
1305032359.694113 0.730748 -0.480282 -0.100745 -0.221760 -0.280151 -0.053809 0.932439
1305032359.727003 0.728409 -0.500380 -0.090176 -0.225479 -0.283428 -0.058135 0.930295
1305032359.762020 0.724554 -0.517551 -0.080734 -0.235823 -0.290401 -0.062433 0.925287
1305032359.794035 0.725885 -0.532577 -0.070478 -0.245256 -0.294113 -0.069123 0.921178
1305032359.826141 0.725629 -0.550905 -0.057793 -0.251676 -0.295973 -0.075604 0.918337
1305032359.861990 0.721778 -0.565037 -0.052689 -0.259169 -0.298404 -0.081238 0.914979
1305032359.894154 0.722710 -0.582025 -0.038145 -0.267696 -0.300217 -0.085528 0.911534
1305032359.926260 0.721359 -0.598374 -0.030067 -0.273381 -0.305866 -0.094924 0.907027
1305032359.962016 0.715615 -0.611233 -0.017826 -0.278779 -0.310828 -0.104640 0.902618
1305032359.994161 0.708211 -0.628396 -0.002613 -0.290117 -0.317711 -0.114580 0.895412
1305032360.026214 0.705831 -0.642315 0.004438 -0.301560 -0.323999 -0.126852 0.887690
1305032360.062208 0.700557 -0.654170 0.020046 -0.312398 -0.330784 -0.138133 0.879721
1305032360.094178 0.698213 -0.665248 0.035102 -0.324504 -0.338960 -0.149650 0.870292
1305032360.126153 0.689887 -0.675072 0.051184 -0.335236 -0.347565 -0.160309 0.860881
1305032360.162096 0.685462 -0.683048 0.065529 -0.342280 -0.356516 -0.168722 0.852804
1305032360.194272 0.674022 -0.691254 0.085413 -0.349197 -0.367530 -0.179591 0.843048
1305032360.226425 0.668822 -0.701363 0.106791 -0.353927 -0.377825 -0.189869 0.834226
1305032360.262218 0.655647 -0.710358 0.125834 -0.357634 -0.388117 -0.197977 0.825995
1305032360.294155 0.638861 -0.714557 0.143341 -0.355811 -0.401830 -0.204709 0.818551
1305032360.326447 0.625306 -0.730433 0.173636 -0.352920 -0.416632 -0.212340 0.810418
1305032360.362033 0.606389 -0.740059 0.188471 -0.345416 -0.428079 -0.220737 0.805426
1305032360.394240 0.611325 -0.744605 0.200046 -0.339061 -0.443168 -0.225594 0.798591
1305032360.426246 0.601122 -0.758733 0.215756 -0.337497 -0.455073 -0.236422 0.789373
1305032360.462086 0.585331 -0.772649 0.237531 -0.336551 -0.462645 -0.246563 0.782240
1305032360.494117 0.569575 -0.784078 0.251475 -0.332383 -0.468838 -0.256912 0.776987
1305032360.526058 0.563237 -0.792932 0.266809 -0.330235 -0.474764 -0.262548 0.772406
1305032360.562042 0.536600 -0.805600 0.280712 -0.331488 -0.479099 -0.267662 0.767423
1305032360.594303 0.533734 -0.800630 0.291957 -0.322486 -0.487350 -0.274928 0.763484
1305032360.626168 0.504602 -0.814038 0.308223 -0.318140 -0.491951 -0.279777 0.760589
1305032360.662151 0.491023 -0.811578 0.312877 -0.303282 -0.502177 -0.285008 0.758030
1305032360.694073 0.477643 -0.815049 0.336093 -0.288446 -0.514193 -0.289210 0.754163
1305032360.726267 0.455302 -0.817378 0.329596 -0.266496 -0.521162 -0.295965 0.754834
1305032360.762184 0.445162 -0.821597 0.334783 -0.252538 -0.531056 -0.293160 0.753831
1305032360.794210 0.428746 -0.821997 0.332225 -0.242542 -0.538558 -0.287264 0.754061
1305032360.826192 0.415721 -0.830100 0.331089 -0.239670 -0.545056 -0.277344 0.754024
1305032360.862084 0.414326 -0.846530 0.336273 -0.238195 -0.552783 -0.270322 0.751412
1305032360.894309 0.420128 -0.849851 0.342741 -0.238768 -0.560327 -0.268600 0.746242
1305032360.926229 0.405756 -0.852912 0.346580 -0.237423 -0.564899 -0.277172 0.740064
1305032360.962184 0.390291 -0.839547 0.358029 -0.231501 -0.572362 -0.279140 0.735452
1305032360.994081 0.375745 -0.849153 0.341459 -0.230279 -0.576343 -0.280489 0.732206
1305032361.026412 0.381448 -0.853483 0.337720 -0.236089 -0.582266 -0.278084 0.726566
1305032361.062613 0.371887 -0.851402 0.352038 -0.239008 -0.587618 -0.284973 0.718589
1305032361.094085 0.367196 -0.834066 0.360739 -0.236963 -0.594648 -0.288758 0.711942
1305032361.126224 0.354610 -0.823152 0.377034 -0.227935 -0.604585 -0.290203 0.705907
1305032361.162028 0.352131 -0.802837 0.397205 -0.215206 -0.617181 -0.284238 0.701414
1305032361.194805 0.337922 -0.804749 0.400988 -0.201566 -0.626449 -0.282351 0.698005
1305032361.226328 0.336881 -0.796833 0.399778 -0.184945 -0.632630 -0.277853 0.698836
1305032361.262093 0.344980 -0.794577 0.406129 -0.171934 -0.642223 -0.272915 0.695345
1305032361.294099 0.353421 -0.789392 0.407708 -0.162560 -0.651541 -0.267580 0.690992
1305032361.326219 0.359027 -0.807467 0.403100 -0.161617 -0.655906 -0.268002 0.686908
1305032361.362098 0.365847 -0.799716 0.405979 -0.159105 -0.661352 -0.268286 0.682145
1305032361.394120 0.377856 -0.784476 0.410080 -0.153685 -0.669063 -0.264501 0.677329
1305032361.426392 0.387647 -0.785121 0.413384 -0.152719 -0.674082 -0.269635 0.670513
1305032361.462374 0.404011 -0.762418 0.446621 -0.146656 -0.681147 -0.265896 0.666206
1305032361.494238 0.410619 -0.755185 0.448785 -0.144046 -0.682368 -0.265433 0.665711
1305032361.526056 0.432299 -0.737766 0.483514 -0.136847 -0.692229 -0.263508 0.657766
1305032361.562110 0.443395 -0.718131 0.507313 -0.124521 -0.701592 -0.256246 0.653148
1305032361.594263 0.462512 -0.701500 0.520765 -0.110125 -0.707282 -0.249616 0.652163
1305032361.626125 0.473250 -0.696353 0.533368 -0.101456 -0.710899 -0.245214 0.651306
1305032361.662057 0.487503 -0.684248 0.551915 -0.088034 -0.714616 -0.236349 0.652467
1305032361.694201 0.503795 -0.667282 0.568067 -0.074579 -0.716186 -0.224693 0.656528
1305032361.726243 0.520736 -0.661959 0.569956 -0.068213 -0.714663 -0.212380 0.662947
1305032361.762065 0.522596 -0.711980 0.509990 -0.072695 -0.702341 -0.210844 0.676001
1305032361.793966 0.541383 -0.675638 0.493018 -0.074901 -0.691402 -0.197620 0.690868
1305032361.826451 0.551347 -0.694518 0.513061 -0.084018 -0.686195 -0.193776 0.696081
1305032361.862158 0.567184 -0.692014 0.521840 -0.091199 -0.679376 -0.191638 0.702429
1305032361.894163 0.574566 -0.671858 0.510900 -0.092315 -0.674623 -0.186690 0.708173
1305032361.926270 0.578245 -0.647965 0.534451 -0.096294 -0.673125 -0.179095 0.711024
1305032361.962071 0.580951 -0.599006 0.561571 -0.085915 -0.676960 -0.163679 0.712427
1305032361.994272 0.600848 -0.624151 0.528636 -0.095153 -0.673747 -0.153911 0.716466
1305032362.026445 0.606563 -0.607747 0.529085 -0.100040 -0.672281 -0.155711 0.716788
1305032362.062429 0.604570 -0.581847 0.543457 -0.102456 -0.670334 -0.147590 0.719981
1305032362.094264 0.606504 -0.570021 0.543176 -0.111161 -0.667152 -0.134359 0.724223
1305032362.126366 0.611915 -0.550054 0.564126 -0.113316 -0.667665 -0.122836 0.725462
1305032362.162089 0.620613 -0.525010 0.573319 -0.119961 -0.666026 -0.108846 0.728129
1305032362.194357 0.628691 -0.511997 0.593212 -0.119469 -0.671188 -0.104066 0.724157
1305032362.226182 0.632053 -0.493937 0.592850 -0.120181 -0.672224 -0.097578 0.723982
1305032362.262104 0.639316 -0.485557 0.604095 -0.124506 -0.674459 -0.092995 0.721773
1305032362.294204 0.647208 -0.451161 0.618379 -0.127479 -0.679576 -0.084244 0.717516
1305032362.326223 0.646520 -0.428298 0.631099 -0.126235 -0.684664 -0.078335 0.713557
1305032362.362125 0.652753 -0.412185 0.653828 -0.128006 -0.693713 -0.069249 0.705395
1305032362.396276 0.645177 -0.388496 0.656998 -0.124599 -0.699732 -0.067196 0.700239
1305032362.426284 0.646689 -0.361663 0.678078 -0.119680 -0.708327 -0.056861 0.693337
1305032362.462140 0.646765 -0.345025 0.684128 -0.115400 -0.713235 -0.051888 0.689410
1305032362.494238 0.649224 -0.330271 0.694000 -0.114695 -0.718252 -0.047425 0.684624
1305032362.526267 0.644873 -0.300791 0.705923 -0.111778 -0.724341 -0.042356 0.679000
1305032362.562001 0.644342 -0.290607 0.723524 -0.108783 -0.729216 -0.039743 0.674412
1305032362.594165 0.629888 -0.252487 0.729916 -0.103931 -0.731918 -0.027552 0.672856
1305032362.626096 0.636511 -0.294805 0.715397 -0.111841 -0.731250 -0.025828 0.672382
1305032362.662324 0.637210 -0.282136 0.702009 -0.116661 -0.731996 -0.023409 0.670838
1305032362.694131 0.633542 -0.267297 0.734346 -0.119057 -0.738219 -0.021316 0.663630
1305032362.726009 0.633472 -0.251842 0.731763 -0.122822 -0.742752 -0.017213 0.657981
1305032362.762257 0.624051 -0.221548 0.724047 -0.120272 -0.743981 -0.012100 0.657176
1305032362.794154 0.617165 -0.198939 0.718434 -0.118846 -0.744761 -0.003509 0.656654
1305032362.826077 0.613109 -0.184733 0.717255 -0.116006 -0.746102 0.005430 0.655625
1305032362.862131 0.609630 -0.174055 0.718810 -0.114032 -0.747259 0.012833 0.654550
1305032362.894197 0.608299 -0.157610 0.719387 -0.109448 -0.749482 0.019037 0.652637
1305032362.926069 0.606362 -0.143211 0.722323 -0.101568 -0.752079 0.023496 0.650776
1305032362.962141 0.599035 -0.120418 0.729316 -0.091946 -0.752475 0.030030 0.651480
1305032362.994111 0.595109 -0.121730 0.724711 -0.086672 -0.751017 0.042500 0.653189
1305032363.026024 0.593387 -0.111629 0.728076 -0.075476 -0.750436 0.055757 0.654248
1305032363.061883 0.596016 -0.102737 0.728818 -0.066617 -0.746394 0.063852 0.659076
1305032363.094055 0.592911 -0.095815 0.727107 -0.061142 -0.742675 0.077978 0.662280
1305032363.126578 0.593050 -0.090175 0.725195 -0.050839 -0.741313 0.089854 0.663172
1305032363.162144 0.593750 -0.084753 0.722050 -0.042578 -0.738429 0.094616 0.666301
1305032363.194513 0.595363 -0.077799 0.717162 -0.038010 -0.736129 0.105497 0.667487
1305032363.226280 0.594710 -0.067697 0.716612 -0.034824 -0.735831 0.117774 0.665935
1305032363.263114 0.595077 -0.054247 0.722225 -0.031092 -0.736549 0.123762 0.664238
1305032363.294225 0.595417 -0.053308 0.714840 -0.025039 -0.735565 0.124813 0.665387
1305032363.326272 0.599222 -0.050079 0.708144 -0.022039 -0.732745 0.130247 0.667558
1305032363.361941 0.600907 -0.033957 0.709669 -0.018800 -0.728001 0.138044 0.671272
1305032363.394083 0.598132 -0.023693 0.708652 -0.016152 -0.724978 0.148759 0.672322
1305032363.426162 0.603087 -0.011096 0.703377 -0.015191 -0.723305 0.152226 0.673369
1305032363.462820 0.605116 -0.001636 0.704520 -0.016655 -0.721386 0.151837 0.675477
1305032363.494026 0.607279 0.012816 0.712064 -0.017942 -0.720969 0.158802 0.674287
1305032363.526415 0.613395 0.010250 0.706064 -0.024577 -0.719652 0.155534 0.676244
1305032363.562139 0.616119 0.022743 0.714981 -0.033862 -0.720088 0.156478 0.675161
1305032363.594144 0.609472 0.038245 0.717522 -0.038629 -0.721279 0.164342 0.671756
1305032363.626354 0.609853 0.053903 0.718253 -0.039965 -0.722825 0.165108 0.669826
1305032363.662136 0.607032 0.054877 0.724509 -0.046574 -0.725418 0.170266 0.665288
1305032363.694070 0.598667 0.071705 0.724913 -0.045786 -0.729409 0.173497 0.660125
1305032363.726086 0.599697 0.064024 0.730166 -0.044211 -0.734417 0.172018 0.655047
1305032363.762284 0.598050 0.061110 0.735501 -0.037920 -0.737979 0.172016 0.651429
1305032363.794030 0.594166 0.052076 0.750715 -0.035021 -0.740803 0.178125 0.646728
1305032363.826380 0.593140 0.058288 0.749775 -0.023409 -0.739549 0.179467 0.648314
1305032363.862068 0.591686 0.053393 0.760189 -0.015707 -0.738932 0.188182 0.646777
1305032363.894033 0.592333 0.059281 0.761673 -0.011218 -0.739359 0.198241 0.643369
1305032363.926407 0.590392 0.065596 0.777571 -0.009871 -0.744900 0.198637 0.636843
1305032363.962119 0.589589 0.057176 0.783901 0.000659 -0.748528 0.194424 0.633960
1305032363.994050 0.590738 0.048320 0.780504 0.002979 -0.749279 0.196926 0.632292
1305032364.026025 0.593067 0.041274 0.785851 0.004906 -0.751557 0.194646 0.630278
1305032364.062120 0.592497 0.018571 0.803671 0.006521 -0.755689 0.193664 0.625608
1305032364.094057 0.598515 0.016302 0.806194 0.006563 -0.759452 0.197159 0.619934
1305032364.126909 0.594450 0.015399 0.802096 0.011253 -0.763196 0.191420 0.617060
1305032364.162092 0.595785 0.003832 0.794944 0.014870 -0.770462 0.186793 0.609324
1305032364.194217 0.596170 -0.003856 0.796338 0.015561 -0.778802 0.176979 0.601585
1305032364.226629 0.598127 -0.010100 0.805732 0.014480 -0.789269 0.161767 0.592179
1305032364.262242 0.597389 -0.023961 0.806488 0.012904 -0.798821 0.150320 0.582342
1305032364.294072 0.601843 -0.040646 0.806240 0.014018 -0.806695 0.136957 0.574709
1305032364.326102 0.604261 -0.054707 0.804656 0.010751 -0.814600 0.123538 0.566612
1305032364.362134 0.601081 -0.058999 0.813442 0.012209 -0.822436 0.106440 0.558677
1305032364.394077 0.596266 -0.074224 0.822234 0.008946 -0.830035 0.086909 0.550826
1305032364.426015 0.595111 -0.084423 0.826710 0.008284 -0.837062 0.067952 0.542808
1305032364.462091 0.588236 -0.090793 0.835793 0.010528 -0.844457 0.046272 0.533518
1305032364.494035 0.585359 -0.125043 0.842596 0.010150 -0.849432 0.020002 0.527221
1305032364.526202 0.587468 -0.163726 0.841193 0.011964 -0.853200 -0.002852 0.521438
1305032364.562323 0.586830 -0.192153 0.839885 0.012795 -0.855560 -0.023791 0.516998
1305032364.594171 0.583072 -0.217747 0.848543 0.015856 -0.856173 -0.042878 0.514663
1305032364.626031 0.579536 -0.232679 0.857803 0.021851 -0.855401 -0.056835 0.514376
1305032364.662222 0.577681 -0.261836 0.859064 0.018267 -0.856162 -0.066717 0.512057
1305032364.694036 0.572056 -0.305085 0.881022 0.023281 -0.853883 -0.088007 0.512442
1305032364.726019 0.562755 -0.303628 0.889017 0.018010 -0.854804 -0.099919 0.508923
1305032364.762093 0.552457 -0.325707 0.905766 0.012077 -0.854053 -0.119307 0.506175
1305032364.793964 0.551381 -0.328429 0.901554 0.013251 -0.850159 -0.136960 0.508228
1305032364.826005 0.549157 -0.321498 0.908299 0.017259 -0.848701 -0.141932 0.509179
1305032364.862289 0.551582 -0.338682 0.893185 0.021625 -0.849467 -0.150727 0.505192
1305032364.894665 0.529401 -0.385013 0.917634 -0.021043 0.852335 0.165567 -0.495651
1305032364.926087 0.534194 -0.399272 0.905135 -0.019111 0.851313 0.174474 -0.494429
1305032364.962073 0.529206 -0.391689 0.909426 -0.018442 0.852975 0.179247 -0.489861
1305032364.994009 0.513624 -0.426738 0.904528 -0.013620 0.854224 0.188598 -0.484299
1305032365.026354 0.506451 -0.457452 0.903516 -0.013669 0.855406 0.196721 -0.478951
1305032365.062031 0.497447 -0.471146 0.905739 -0.012819 0.856344 0.204070 -0.474200
1305032365.094068 0.485808 -0.478098 0.908630 -0.013531 0.856719 0.212111 -0.469956
1305032365.126212 0.473661 -0.491143 0.916083 -0.013381 0.856993 0.222882 -0.464443
1305032365.162014 0.462658 -0.509331 0.908606 -0.015009 0.856932 0.235186 -0.458398
1305032365.194029 0.455084 -0.522918 0.910244 -0.020500 0.857438 0.243423 -0.452908
1305032365.226143 0.443300 -0.536155 0.906230 -0.027744 0.858057 0.252329 -0.446429
1305032365.262990 0.430489 -0.550286 0.909065 -0.031870 0.859681 0.259829 -0.438658
1305032365.294066 0.424221 -0.562477 0.909276 -0.033441 0.860767 0.268214 -0.431305
1305032365.326046 0.408563 -0.574960 0.906906 -0.036142 0.862489 0.274365 -0.423710
1305032365.362017 0.401102 -0.579837 0.907339 -0.042043 0.863767 0.277889 -0.418230
1305032365.394019 0.396407 -0.588896 0.915166 -0.044656 0.864611 0.284177 -0.411944
1305032365.426099 0.381545 -0.600299 0.910704 -0.046100 0.865688 0.290731 -0.404888
1305032365.462022 0.379583 -0.601103 0.904871 -0.049921 0.867426 0.292827 -0.399165
1305032365.494036 0.372276 -0.611595 0.904861 -0.048916 0.869929 0.296491 -0.391055
1305032365.526240 0.366931 -0.616696 0.904092 -0.049072 0.871814 0.297463 -0.386068
1305032365.562023 0.364955 -0.620116 0.897415 -0.052270 0.874457 0.297405 -0.379661
1305032365.594024 0.363091 -0.629213 0.896766 -0.054594 0.878585 0.295928 -0.370857
1305032365.626188 0.364581 -0.637554 0.891929 -0.058379 0.882113 0.295053 -0.362509
1305032365.662032 0.360757 -0.644721 0.896403 -0.060433 0.884579 0.296472 -0.354925
1305032365.694005 0.351266 -0.650853 0.894923 -0.060939 0.886142 0.298327 -0.349341
1305032365.726094 0.344791 -0.654431 0.891275 -0.061033 0.888554 0.298244 -0.343216
1305032365.762013 0.343017 -0.660751 0.884041 -0.066324 0.893007 0.293711 -0.334475
1305032365.794129 0.333527 -0.665357 0.892354 -0.066666 0.895874 0.290429 -0.329571
1305032365.826278 0.327902 -0.679174 0.885858 -0.065425 0.897752 0.289318 -0.325663
1305032365.862061 0.322162 -0.679981 0.882882 -0.066207 0.901003 0.283177 -0.321902
1305032365.894133 0.324408 -0.679527 0.876850 -0.062973 0.904426 0.275405 -0.319687
1305032365.930067 0.306152 -0.690628 0.882236 -0.060268 0.907882 0.268923 -0.315910
1305032365.962046 0.300785 -0.687255 0.880705 -0.052669 0.910547 0.260532 -0.316628
1305032365.994060 0.303697 -0.680768 0.870989 -0.048078 0.913481 0.249107 -0.318099
1305032366.030066 0.293684 -0.692199 0.868210 -0.041537 0.916006 0.245091 -0.314862
1305032366.062122 0.277012 -0.693333 0.876270 -0.036030 0.919646 0.235195 -0.312469
1305032366.094052 0.280546 -0.720548 0.878733 -0.030304 0.918618 0.238035 -0.313945
1305032366.130072 0.284820 -0.731612 0.875993 -0.029778 0.914987 0.251693 -0.313948
1305032366.162008 0.271091 -0.716422 0.871703 -0.046385 0.913785 0.257724 -0.310523
1305032366.194013 0.256990 -0.735640 0.858987 -0.064260 0.912206 0.264696 -0.306085
1305032366.230053 0.274500 -0.737325 0.857403 -0.066109 0.909088 0.272618 -0.308008
1305032366.262058 0.270448 -0.751133 0.842487 -0.068540 0.907866 0.282860 -0.301780
1305032366.294059 0.264559 -0.756653 0.837880 -0.067736 0.908918 0.288296 -0.293540
1305032366.330143 0.254117 -0.765156 0.837545 -0.065657 0.907413 0.299975 -0.286889
1305032366.362039 0.251370 -0.773152 0.824063 -0.068137 0.905625 0.308597 -0.282785
1305032366.394005 0.250971 -0.774836 0.810480 -0.073544 0.905019 0.313517 -0.277920
1305032366.430032 0.248991 -0.773637 0.805080 -0.077042 0.903905 0.319878 -0.273311
1305032366.461993 0.239779 -0.781367 0.798497 -0.080108 0.902768 0.327882 -0.266621
1305032366.494101 0.236815 -0.783891 0.783102 -0.084810 0.902818 0.331150 -0.260894
1305032366.530048 0.237055 -0.782681 0.777726 -0.090764 0.903855 0.332264 -0.253789
1305032366.561989 0.232200 -0.784209 0.768407 -0.097967 0.905271 0.334549 -0.242824
1305032366.594003 0.228023 -0.776407 0.766875 -0.101325 0.908041 0.334264 -0.231218
1305032366.630014 0.227582 -0.777063 0.769012 -0.104682 0.909289 0.338866 -0.217728
1305032366.662972 0.224191 -0.779306 0.761818 -0.109372 0.909505 0.344814 -0.204797
1305032366.694106 0.222427 -0.771290 0.757656 -0.110592 0.910213 0.347447 -0.196375
1305032366.730115 0.226202 -0.765147 0.747990 -0.111255 0.911925 0.345568 -0.191305
1305032366.762112 0.220574 -0.759893 0.755241 -0.108066 0.915357 0.343513 -0.180116
1305032366.793956 0.218012 -0.757180 0.756324 -0.104249 0.917245 0.343836 -0.171960
1305032366.830030 0.217763 -0.754431 0.750714 -0.108164 0.918515 0.343301 -0.163630
1305032366.862172 0.212653 -0.753124 0.756634 -0.111606 0.920361 0.341225 -0.155067
1305032366.894254 0.214036 -0.747639 0.763068 -0.111533 0.921686 0.340751 -0.148133
1305032366.929969 0.207038 -0.743197 0.768160 -0.111926 0.922343 0.341918 -0.140886
1305032366.962015 0.206232 -0.743764 0.763354 -0.115379 0.923683 0.339226 -0.135728
1305032366.994018 0.199841 -0.746794 0.765308 -0.117589 0.926467 0.332885 -0.130455
1305032367.030022 0.199199 -0.745248 0.775034 -0.116450 0.929574 0.325174 -0.128817
1305032367.062114 0.194578 -0.745938 0.788068 -0.114820 0.932598 0.317475 -0.127617
1305032367.094130 0.192232 -0.741857 0.797485 -0.112959 0.935584 0.308946 -0.128353
1305032367.130285 0.184231 -0.739786 0.809188 -0.111854 0.938244 0.300945 -0.128911
1305032367.162083 0.177607 -0.734617 0.819411 -0.109575 0.941025 0.291682 -0.131858
1305032367.193961 0.176995 -0.732705 0.834332 -0.109099 0.942395 0.284184 -0.138669
1305032367.230032 0.171482 -0.731625 0.845346 -0.109990 0.943305 0.277783 -0.144622
1305032367.262270 0.166202 -0.719573 0.856456 -0.108123 0.946861 0.264236 -0.148134
1305032367.293982 0.164874 -0.716674 0.877332 -0.107850 0.947960 0.258169 -0.151951
1305032367.330063 0.154044 -0.711950 0.892803 -0.108785 0.948211 0.255984 -0.153407
1305032367.362109 0.143805 -0.708455 0.886993 -0.112515 0.950624 0.243140 -0.156646
1305032367.393996 0.139700 -0.695668 0.902787 -0.117489 0.953377 0.228229 -0.158685
1305032367.430145 0.139736 -0.694582 0.918769 -0.119272 0.954583 0.221428 -0.159737
1305032367.462005 0.142232 -0.688601 0.917830 -0.118440 0.957203 0.209577 -0.160663
1305032367.494767 0.134862 -0.679845 0.926904 -0.116708 0.960788 0.195420 -0.158356
1305032367.530124 0.128140 -0.673941 0.935087 -0.118263 0.963366 0.184952 -0.154053
1305032367.562098 0.122169 -0.668770 0.947887 -0.116136 0.965485 0.177302 -0.151380
1305032367.594518 0.113330 -0.655599 0.962845 -0.113454 0.966878 0.173333 -0.149100
1305032367.629988 0.099056 -0.654094 0.966146 -0.113574 0.968256 0.170235 -0.143534
1305032367.662173 0.088369 -0.648366 0.971711 -0.117546 0.968939 0.166327 -0.140271
1305032367.694493 0.091703 -0.634635 0.976523 -0.119413 0.969303 0.163134 -0.139927
1305032367.730004 0.097247 -0.614032 0.978037 -0.120940 0.970151 0.158735 -0.137780
1305032367.762020 0.085281 -0.602765 0.986197 -0.116965 0.972086 0.153895 -0.132982
1305032367.794824 0.075998 -0.594834 0.992012 -0.113222 0.973293 0.152122 -0.129385
1305032367.829935 0.067659 -0.577874 0.996742 -0.110233 0.974955 0.146504 -0.125890
1305032367.861953 0.057527 -0.565676 0.996799 -0.106680 0.977211 0.138158 -0.120790
1305032367.894023 0.044456 -0.560613 1.005555 -0.103598 0.978727 0.133307 -0.116579
1305032367.930098 0.030023 -0.533912 1.010669 -0.100267 0.980924 0.121321 -0.114091
1305032367.962109 0.027580 -0.527865 1.006204 -0.099791 0.982334 0.112114 -0.111771
1305032367.994871 0.014575 -0.528913 0.999051 -0.101205 0.983836 0.103741 -0.105174
1305032368.030371 0.004058 -0.516694 1.005477 -0.099674 0.986085 0.091162 -0.096909
1305032368.062044 -0.008823 -0.497806 1.003705 -0.098942 0.988129 0.078119 -0.087802
1305032368.094693 -0.022077 -0.484835 1.008053 -0.100497 0.989706 0.063347 -0.079811
1305032368.129978 -0.030091 -0.480906 1.013136 -0.102829 0.990817 0.053521 -0.069589
1305032368.162148 -0.035476 -0.458218 1.012355 -0.103626 0.992058 0.038625 -0.059919
1305032368.194071 -0.041140 -0.450891 1.019403 -0.100159 0.993331 0.027132 -0.050266
1305032368.230066 -0.057849 -0.431253 1.014242 -0.105626 0.993602 0.013327 -0.037692
1305032368.263367 -0.059547 -0.418077 1.028084 -0.107207 0.993758 0.002092 -0.030774
1305032368.294047 -0.064560 -0.400198 1.034492 -0.106627 0.994019 -0.004733 -0.023104
1305032368.330048 -0.080192 -0.395006 1.036125 -0.114047 0.993357 -0.008219 -0.012935
1305032368.362001 -0.085291 -0.378486 1.039276 -0.119445 0.992623 -0.017964 -0.010479
1305032368.394058 -0.073347 -0.362778 1.040799 -0.115464 0.992831 -0.028632 -0.011651
1305032368.430004 -0.086153 -0.351137 1.042922 -0.119914 0.992222 -0.032761 -0.006605
1305032368.462392 -0.086319 -0.345724 1.041267 -0.129402 0.991035 -0.032849 -0.005151
1305032368.494404 -0.114071 -0.317504 1.043393 -0.130823 0.989754 -0.057203 -0.000121
1305032368.529995 -0.093308 -0.342758 1.048035 -0.130013 0.988877 -0.072241 -0.000506
1305032368.561932 -0.086934 -0.295726 1.044286 -0.128048 0.987326 -0.093156 -0.010610
1305032368.594184 -0.094886 -0.279526 1.045432 -0.123753 0.986243 -0.107679 -0.020384
1305032368.629997 -0.104539 -0.296947 1.057013 -0.115658 0.985677 -0.120076 -0.025423
1305032368.662766 -0.097683 -0.289779 1.067157 -0.104691 0.985552 -0.129219 -0.032097
1305032368.693889 -0.116130 -0.261406 1.057898 -0.088188 0.985408 -0.141373 -0.034738
1305032368.730133 -0.150939 -0.241539 1.056880 -0.073295 0.984646 -0.155371 -0.030979
1305032368.762354 -0.148948 -0.248179 1.047520 -0.059939 0.985248 -0.158077 -0.026574
1305032368.794467 -0.146020 -0.228794 1.041784 -0.049569 0.985337 -0.161789 -0.021848
1305032368.830009 -0.164179 -0.201917 1.036817 -0.042271 0.985132 -0.165961 -0.013611
1305032368.862362 -0.192219 -0.206483 1.041155 -0.037423 0.985349 -0.166392 -0.000276
1305032368.894072 -0.155923 -0.189714 1.035827 -0.035807 0.985019 -0.168667 -0.002720
1305032368.929945 -0.174653 -0.164735 1.035232 -0.030792 0.983911 -0.175978 0.001829
1305032368.961860 -0.164421 -0.148084 1.032004 -0.022854 0.982576 -0.184452 0.000689
1305032368.993887 -0.164907 -0.173553 1.043594 -0.018297 0.982724 -0.184168 0.000913
1305032369.030203 -0.173938 -0.131530 1.027454 -0.015951 0.980081 -0.197956 0.000574
1305032369.062500 -0.165494 -0.121464 1.044075 -0.006181 0.978163 -0.207728 -0.002958
1305032369.093984 -0.171628 -0.099802 1.027354 0.000895 0.976688 -0.214584 -0.005831
1305032369.130062 -0.203911 -0.093464 1.010815 0.007438 0.975640 -0.219245 0.001729
1305032369.162492 -0.205166 -0.098519 1.015929 0.014104 0.975416 -0.219877 0.004371
1305032369.194412 -0.206762 -0.090685 1.008176 0.016677 0.975084 -0.221099 0.006936
1305032369.230045 -0.216234 -0.090919 1.005395 0.020794 0.974997 -0.220883 0.012616
1305032369.262268 -0.216013 -0.090258 1.007598 0.024584 0.975085 -0.219875 0.016148
1305032369.294529 -0.216985 -0.071209 1.006954 0.027036 0.974125 -0.223834 0.015727
1305032369.330151 -0.223277 -0.067160 1.003365 0.032536 0.973206 -0.226986 0.016992
1305032369.361966 -0.250432 -0.062392 0.996185 0.038141 0.971874 -0.231059 0.024873
1305032369.394056 -0.243504 -0.076389 1.011326 0.044088 0.969726 -0.238733 0.026343
1305032369.430090 -0.245372 -0.089990 1.019570 0.043025 0.970024 -0.237349 0.029462
1305032369.461995 -0.242655 -0.102478 1.010937 0.045343 0.970721 -0.233485 0.033602
1305032369.493998 -0.240922 -0.087899 1.012722 0.050421 0.970216 -0.233917 0.037713
1305032369.529992 -0.247113 -0.087129 1.010873 0.051167 0.970868 -0.229984 0.043646
1305032369.562004 -0.244255 -0.087782 1.014978 0.049499 0.972408 -0.223149 0.046666
1305032369.594020 -0.239694 -0.077341 1.013367 0.045469 0.974455 -0.214582 0.048209
1305032369.630023 -0.241883 -0.079023 1.017213 0.046213 0.976634 -0.203723 0.050465
1305032369.661969 -0.231993 -0.081123 1.023130 0.048812 0.977629 -0.198542 0.049394
1305032369.694099 -0.233776 -0.080818 1.027105 0.045297 0.979241 -0.191559 0.048372
1305032369.730198 -0.239422 -0.096571 1.036558 0.040139 0.980766 -0.184919 0.047876
1305032369.762450 -0.226952 -0.086128 1.049442 0.034813 0.981871 -0.181273 0.043107
1305032369.794261 -0.225266 -0.096641 1.063139 0.031561 0.983260 -0.175379 0.038024
1305032369.830429 -0.232055 -0.084469 1.072039 0.025365 0.984368 -0.171092 0.033227
1305032369.862627 -0.232590 -0.089511 1.083037 0.021725 0.986056 -0.162913 0.026113
1305032369.894360 -0.228956 -0.089939 1.089329 0.018165 0.987269 -0.157063 0.017333
1305032369.930423 -0.230402 -0.085996 1.098933 0.015221 0.988288 -0.151439 0.011052
1305032369.962111 -0.236269 -0.086245 1.112544 0.011298 0.989485 -0.144048 0.006444
1305032369.994395 -0.235468 -0.078901 1.109230 0.007928 0.990423 -0.137835 0.001301
1305032370.029908 -0.241637 -0.077446 1.109921 0.003845 0.990998 -0.133820 -0.000124
1305032370.062358 -0.231325 -0.077958 1.122243 -0.000635 0.991640 -0.129002 -0.003030
1305032370.094132 -0.233429 -0.077809 1.133525 -0.000428 0.992741 -0.120207 -0.003889
1305032370.130815 -0.230215 -0.075573 1.142902 -0.003274 0.993876 -0.110261 -0.006474
1305032370.164340 -0.228623 -0.077661 1.148989 -0.002837 0.994824 -0.101186 -0.008836
1305032370.193920 -0.225477 -0.074907 1.162856 -0.002955 0.995418 -0.094849 -0.011772
1305032370.230502 -0.223402 -0.070657 1.167997 -0.002264 0.995845 -0.089813 -0.014870
1305032370.262034 -0.218714 -0.064071 1.181249 -0.001350 0.996256 -0.084540 -0.018038
1305032370.293927 -0.223648 -0.067219 1.188209 -0.002027 0.996833 -0.077306 -0.018561
1305032370.330168 -0.222374 -0.060224 1.192544 -0.003507 0.997090 -0.073874 -0.018502
1305032370.362172 -0.217603 -0.057798 1.202188 -0.004980 0.997438 -0.068630 -0.019556
1305032370.393973 -0.224902 -0.070907 1.205262 -0.007148 0.997805 -0.062409 -0.020948
1305032370.430165 -0.235320 -0.065247 1.211405 -0.006807 0.997754 -0.062836 -0.022202
1305032370.462710 -0.226186 -0.056622 1.224308 -0.008500 0.997722 -0.060963 -0.027624
1305032370.494212 -0.224819 -0.058384 1.230229 -0.009785 0.997817 -0.057166 -0.031593
1305032370.530368 -0.225747 -0.058468 1.234107 -0.010853 0.997902 -0.054306 -0.033532
1305032370.562129 -0.219798 -0.052155 1.239031 -0.013630 0.998006 -0.049402 -0.036858
1305032370.594668 -0.212792 -0.057898 1.243890 -0.017739 0.998280 -0.038763 -0.040236
1305032370.630616 -0.222660 -0.055462 1.246819 -0.023663 0.998447 -0.029944 -0.040584
1305032370.662501 -0.218805 -0.054902 1.247272 -0.024345 0.998451 -0.023758 -0.044034
1305032370.694752 -0.220735 -0.054825 1.256379 -0.027605 0.998284 -0.017196 -0.048688
1305032370.730453 -0.222359 -0.063724 1.254749 -0.027503 0.998175 -0.013092 -0.052139
1305032370.762387 -0.222623 -0.066238 1.260349 -0.028927 0.997994 -0.010603 -0.055309
1305032370.794212 -0.218676 -0.055842 1.266404 -0.029905 0.997733 -0.006142 -0.059969
1305032370.830542 -0.229355 -0.092482 1.256349 -0.028280 0.997917 0.005396 -0.057723
1305032370.862583 -0.235986 -0.098860 1.252725 -0.029388 0.998158 0.010456 -0.052032
1305032370.898506 -0.237007 -0.108325 1.264084 -0.034268 0.997972 0.019440 -0.049988
1305032370.930659 -0.243400 -0.115905 1.264518 -0.032904 0.997862 0.028867 -0.048532
1305032370.962789 -0.241045 -0.128091 1.261418 -0.039083 0.997238 0.041300 -0.047775
1305032370.998556 -0.245765 -0.129149 1.268961 -0.043985 0.996593 0.051810 -0.046723
1305032371.030832 -0.237953 -0.122656 1.277486 -0.047735 0.995469 0.064676 -0.050801
1305032371.062995 -0.242492 -0.138545 1.275667 -0.047049 0.994159 0.081233 -0.053251
1305032371.098685 -0.255659 -0.157524 1.274102 -0.050238 0.992783 0.094610 -0.053918
1305032371.129946 -0.246169 -0.182955 1.274043 -0.056773 0.990733 0.108601 -0.058579
1305032371.163377 -0.246390 -0.217590 1.278301 -0.063170 0.988236 0.124249 -0.062938
1305032371.199209 -0.271985 -0.255623 1.250951 -0.070760 0.986531 0.133578 -0.062496
1305032371.231556 -0.275038 -0.282639 1.238010 -0.082903 0.985160 0.136693 -0.062462
1305032371.263086 -0.273146 -0.308433 1.236344 -0.094278 0.983397 0.141168 -0.064138
1305032371.298863 -0.270587 -0.336191 1.228890 -0.103742 0.981550 0.146737 -0.065314
1305032371.331299 -0.271060 -0.376296 1.219559 -0.111515 0.979921 0.153137 -0.062194
1305032371.362286 -0.264832 -0.398331 1.217975 -0.125266 0.977694 0.158241 -0.058153
1305032371.399014 -0.267678 -0.414980 1.221951 -0.135812 0.975498 0.164780 -0.052973
1305032371.429986 -0.274658 -0.440405 1.222967 -0.146835 0.972310 0.175569 -0.047199
1305032371.461990 -0.278957 -0.466922 1.214555 -0.158033 0.968470 0.187929 -0.042115
1305032371.500350 -0.277481 -0.477088 1.211295 -0.168116 0.964788 0.198643 -0.038224
1305032371.530042 -0.282388 -0.503087 1.198882 -0.178049 0.960057 0.213451 -0.032046
1305032371.563010 -0.288128 -0.526573 1.183862 -0.192384 0.954334 0.227079 -0.025873
1305032371.594822 -0.294408 -0.543621 1.173236 -0.202349 0.949628 0.238463 -0.019909
1305032371.629962 -0.297826 -0.556018 1.161976 -0.209265 0.945510 0.249005 -0.014656
1305032371.661896 -0.297182 -0.572671 1.143273 -0.213501 0.941665 0.259964 -0.010131
1305032371.698063 -0.307414 -0.589131 1.125117 -0.225202 0.936469 0.268904 -0.000507
1305032371.730032 -0.320410 -0.603294 1.119610 -0.235858 0.931366 0.277296 0.005964
1305032371.763070 -0.323106 -0.617809 1.105844 -0.242100 0.925892 0.289887 0.008805
1305032371.798758 -0.333326 -0.622593 1.082026 -0.244008 0.923379 0.296094 0.012623
1305032371.830599 -0.329482 -0.632800 1.058559 -0.242833 0.921299 0.303329 0.015247
1305032371.862968 -0.341294 -0.651531 1.027909 -0.241658 0.919943 0.307640 0.025761
1305032371.898642 -0.355663 -0.656739 1.018432 -0.246565 0.918054 0.307917 0.039615
1305032371.930870 -0.364737 -0.674088 0.995397 -0.254502 0.913885 0.312124 0.051205
1305032371.961821 -0.372845 -0.691586 0.967774 -0.264567 0.909188 0.315375 0.062602
1305032371.998991 -0.371390 -0.703360 0.945100 -0.274291 0.905821 0.314574 0.072773
1305032372.030846 -0.379605 -0.721644 0.919814 -0.282898 0.902441 0.313664 0.084756
1305032372.061897 -0.383895 -0.733471 0.896784 -0.293706 0.898866 0.311061 0.094957
1305032372.098230 -0.384205 -0.744240 0.884199 -0.303726 0.894836 0.311265 0.100666
1305032372.129933 -0.390962 -0.754879 0.857683 -0.312420 0.891125 0.310304 0.109551
1305032372.166136 -0.383585 -0.764391 0.831063 -0.322598 0.887981 0.303986 0.122527
1305032372.198088 -0.380461 -0.773953 0.814093 -0.331542 0.884486 0.298620 0.136348
1305032372.230035 -0.370613 -0.784780 0.792951 -0.341365 0.880109 0.294168 0.149478
1305032372.266118 -0.363848 -0.787684 0.775727 -0.349503 0.876612 0.287586 0.163383
1305032372.297778 -0.361171 -0.796038 0.761918 -0.356857 0.871946 0.284442 0.177359
1305032372.329863 -0.349698 -0.806072 0.746933 -0.368770 0.865327 0.282202 0.188627
1305032372.366255 -0.342969 -0.810166 0.735555 -0.380701 0.859581 0.279085 0.195700
1305032372.398316 -0.333843 -0.816804 0.721449 -0.390459 0.854459 0.278607 0.199547
1305032372.430828 -0.324985 -0.823981 0.712537 -0.398512 0.849463 0.278819 0.204599
1305032372.466062 -0.316055 -0.827678 0.707473 -0.405817 0.844206 0.281635 0.208114
1305032372.498126 -0.302626 -0.832130 0.695900 -0.415749 0.837399 0.285463 0.210775
1305032372.530471 -0.286528 -0.833235 0.677498 -0.423327 0.833063 0.283054 0.216058
1305032372.565932 -0.276131 -0.840132 0.676744 -0.426556 0.830175 0.282039 0.222065
1305032372.597830 -0.264267 -0.849029 0.670792 -0.432617 0.824429 0.286287 0.226273
1305032372.629940 -0.248397 -0.851551 0.656628 -0.437459 0.820901 0.287660 0.228042
1305032372.664099 -0.236685 -0.859854 0.648413 -0.440176 0.818444 0.288021 0.231167
1305032372.698677 -0.226461 -0.861687 0.645070 -0.442703 0.815533 0.288903 0.235488
1305032372.729773 -0.214157 -0.864028 0.636156 -0.445753 0.811231 0.289373 0.243868
1305032372.766495 -0.200171 -0.868021 0.630644 -0.448460 0.807670 0.287804 0.252430
1305032372.797977 -0.187608 -0.869771 0.624051 -0.446959 0.806948 0.284514 0.260987
1305032372.831419 -0.177230 -0.871069 0.613960 -0.442367 0.808925 0.276615 0.270992
1305032372.866951 -0.166190 -0.882280 0.603236 -0.436594 0.809904 0.271771 0.282103
1305032372.898820 -0.156175 -0.884383 0.601955 -0.431546 0.811011 0.266981 0.291118
1305032372.930434 -0.147439 -0.888891 0.592036 -0.425866 0.811426 0.263199 0.301583
1305032372.966593 -0.139282 -0.898237 0.584689 -0.419967 0.810112 0.263011 0.313323
1305032372.998908 -0.138305 -0.894366 0.580484 -0.416289 0.806643 0.262916 0.326964
1305032373.030602 -0.127328 -0.892799 0.575333 -0.417897 0.799680 0.264029 0.340828
1305032373.066888 -0.122793 -0.893339 0.570595 -0.418419 0.793922 0.267393 0.350878
1305032373.099756 -0.121443 -0.886467 0.571845 -0.416902 0.788977 0.276121 0.357024
1305032373.129982 -0.115767 -0.880866 0.566286 -0.416112 0.782086 0.287689 0.363905
1305032373.166370 -0.110828 -0.876022 0.560160 -0.417931 0.772550 0.299190 0.372807
1305032373.198396 -0.104162 -0.871137 0.551262 -0.423372 0.761771 0.307839 0.381703
1305032373.230473 -0.099632 -0.862799 0.547423 -0.427332 0.754082 0.315168 0.386546
1305032373.266720 -0.092553 -0.857220 0.542034 -0.431721 0.745574 0.322637 0.391971
1305032373.298826 -0.085168 -0.850971 0.538022 -0.434474 0.737472 0.330410 0.397740
1305032373.331205 -0.075366 -0.843432 0.536621 -0.433455 0.732572 0.335809 0.403346
1305032373.366852 -0.071693 -0.841214 0.530353 -0.429427 0.728101 0.342269 0.410260
1305032373.399036 -0.065989 -0.838696 0.524619 -0.428608 0.722171 0.348774 0.416078
1305032373.434600 -0.057735 -0.836209 0.516565 -0.428985 0.716762 0.350627 0.423420
1305032373.465600 -0.053313 -0.837370 0.514705 -0.426333 0.714212 0.354540 0.427134
1305032373.498931 -0.050515 -0.834983 0.513028 -0.421596 0.712361 0.360354 0.430050
1305032373.534642 -0.047682 -0.834781 0.505996 -0.417350 0.708840 0.366506 0.434784
1305032373.566765 -0.045916 -0.832759 0.501186 -0.415432 0.706110 0.370752 0.437456
1305032373.598768 -0.041645 -0.834034 0.492939 -0.415262 0.702582 0.376251 0.438601
1305032373.637020 -0.042734 -0.830267 0.485392 -0.416285 0.701746 0.377134 0.438212
1305032373.664564 -0.039659 -0.826902 0.477017 -0.417874 0.703957 0.373716 0.436076
1305032373.697902 -0.035834 -0.827537 0.474535 -0.418792 0.706989 0.369186 0.434145
1305032373.734487 -0.032206 -0.830948 0.473864 -0.419799 0.708493 0.366944 0.432618
1305032373.766407 -0.036015 -0.818229 0.479207 -0.412883 0.715545 0.356696 0.436223
1305032373.795810 -0.028746 -0.830277 0.485315 -0.408319 0.715166 0.361372 0.437291
1305032373.834900 -0.044935 -0.831346 0.481570 -0.408308 0.710629 0.363869 0.442594
1305032373.867214 -0.042095 -0.838713 0.465500 -0.409111 0.707794 0.364002 0.446272
1305032373.899236 -0.049252 -0.841939 0.465535 -0.409516 0.712291 0.356736 0.444610
1305032373.935042 -0.061321 -0.840383 0.473569 -0.410940 0.716805 0.349083 0.442109
1305032373.966997 -0.066836 -0.843173 0.475510 -0.411667 0.718316 0.342616 0.444034
1305032373.999161 -0.076239 -0.847751 0.478191 -0.409974 0.721858 0.336171 0.444782
1305032374.031130 -0.092251 -0.848842 0.481656 -0.411270 0.724182 0.328188 0.445769
1305032374.066694 -0.102472 -0.854466 0.476267 -0.418088 0.725051 0.317461 0.445784
1305032374.098892 -0.115752 -0.852607 0.486331 -0.422504 0.728897 0.302044 0.446060
1305032374.134638 -0.127936 -0.854168 0.498055 -0.424414 0.731056 0.290691 0.448251
1305032374.165244 -0.147090 -0.853681 0.502273 -0.418663 0.735819 0.281855 0.451496
1305032374.198898 -0.161381 -0.851032 0.513482 -0.411184 0.740106 0.274648 0.455784
1305032374.234560 -0.177551 -0.846249 0.522954 -0.404864 0.740545 0.266935 0.465214
1305032374.266147 -0.198297 -0.840397 0.527112 -0.396216 0.741923 0.258727 0.474999
1305032374.294938 -0.222547 -0.835589 0.539389 -0.388158 0.741592 0.255950 0.483596
1305032374.334742 -0.241894 -0.825944 0.538124 -0.380817 0.740292 0.249768 0.494533
1305032374.364901 -0.254835 -0.820759 0.536418 -0.374470 0.738608 0.238643 0.507228
1305032374.399115 -0.275803 -0.811982 0.543307 -0.366670 0.737965 0.223705 0.520497
1305032374.434908 -0.314436 -0.800354 0.545806 -0.359246 0.735552 0.207626 0.535533
1305032374.465685 -0.340672 -0.787975 0.537833 -0.350050 0.734883 0.199758 0.545443
1305032374.498699 -0.364211 -0.768932 0.539961 -0.337360 0.736791 0.187139 0.555253
1305032374.534396 -0.406136 -0.753128 0.540857 -0.324377 0.735717 0.180832 0.566391
1305032374.565590 -0.433970 -0.748349 0.551084 -0.318571 0.736749 0.180741 0.568371
1305032374.594126 -0.464550 -0.728565 0.537012 -0.308717 0.740614 0.180340 0.568914
1305032374.634435 -0.489449 -0.721894 0.525758 -0.302483 0.744525 0.178027 0.567884
1305032374.666012 -0.517467 -0.702468 0.529282 -0.292690 0.749048 0.168956 0.569836
1305032374.693998 -0.547094 -0.687782 0.523134 -0.279199 0.753956 0.163051 0.571851
1305032374.733801 -0.578643 -0.675583 0.529073 -0.268552 0.759956 0.159092 0.570120
1305032374.764270 -0.596176 -0.659049 0.516292 -0.254793 0.765258 0.153950 0.570754
1305032374.794088 -0.622354 -0.646991 0.521122 -0.246629 0.770576 0.145729 0.569341
1305032374.833035 -0.646589 -0.627873 0.526020 -0.240181 0.775662 0.139970 0.566630
1305032374.865378 -0.666030 -0.608853 0.526957 -0.233853 0.778881 0.136647 0.565671
1305032374.893927 -0.688175 -0.588997 0.532824 -0.228044 0.782663 0.132782 0.563740
1305032374.934044 -0.704175 -0.572438 0.527789 -0.224015 0.786351 0.133855 0.559958
1305032374.963025 -0.723662 -0.544690 0.528211 -0.211914 0.792131 0.133784 0.556528
1305032374.994296 -0.737882 -0.534518 0.531743 -0.203520 0.796277 0.142805 0.551480
1305032375.033877 -0.752689 -0.518273 0.525515 -0.191712 0.801054 0.152380 0.546205
1305032375.063183 -0.767646 -0.497705 0.523555 -0.180531 0.806298 0.157353 0.540862
1305032375.093980 -0.781647 -0.479549 0.521864 -0.173338 0.810996 0.163722 0.534260
1305032375.133595 -0.788643 -0.467738 0.525147 -0.169126 0.815384 0.163997 0.528820
1305032375.165413 -0.800765 -0.451733 0.519127 -0.164285 0.818733 0.157350 0.527188
1305032375.193974 -0.806779 -0.436544 0.521786 -0.161178 0.824024 0.146308 0.523068
1305032375.233686 -0.816823 -0.419016 0.526526 -0.160196 0.827092 0.137533 0.520903
1305032375.266159 -0.821369 -0.402955 0.529228 -0.157232 0.830087 0.129028 0.519217
1305032375.301758 -0.828642 -0.387913 0.536539 -0.153292 0.831442 0.123671 0.519529
1305032375.333721 -0.835721 -0.375403 0.536573 -0.150378 0.830740 0.120056 0.522345
1305032375.365860 -0.837744 -0.361757 0.540777 -0.147674 0.830604 0.113751 0.524738
1305032375.401985 -0.838567 -0.353599 0.543089 -0.141517 0.827755 0.106032 0.532496
1305032375.434217 -0.843189 -0.333991 0.543645 -0.134396 0.824373 0.088895 0.542628
1305032375.465834 -0.844407 -0.323595 0.543514 -0.131301 0.820450 0.079451 0.550735
1305032375.499837 -0.845475 -0.322231 0.551039 -0.128817 0.817073 0.069288 0.557671
1305032375.532916 -0.842411 -0.310074 0.552375 -0.121037 0.814685 0.054523 0.564505
1305032375.564725 -0.844501 -0.301985 0.557687 -0.113600 0.812175 0.047932 0.570236
1305032375.601458 -0.845912 -0.290792 0.558678 -0.106790 0.809452 0.041980 0.575865
1305032375.633354 -0.846735 -0.280198 0.559813 -0.104753 0.808144 0.035035 0.578535
1305032375.665617 -0.848167 -0.274664 0.561084 -0.099531 0.807843 0.029669 0.580175
1305032375.701017 -0.852191 -0.266916 0.557100 -0.091781 0.808999 0.024435 0.580087
1305032375.733414 -0.858102 -0.250093 0.556992 -0.084915 0.809147 0.024175 0.580935
1305032375.765442 -0.861305 -0.242443 0.552479 -0.084233 0.808661 0.019687 0.581880
1305032375.801321 -0.860618 -0.231104 0.549851 -0.079765 0.808363 0.016214 0.583030
1305032375.833190 -0.866590 -0.221902 0.548045 -0.075797 0.808356 0.013962 0.583628
1305032375.862014 -0.867127 -0.210409 0.544230 -0.070701 0.808293 0.010199 0.584432
1305032375.901630 -0.872978 -0.207718 0.547880 -0.060923 0.808064 0.004568 0.585918
1305032375.933396 -0.876987 -0.198063 0.546748 -0.046564 0.805970 -0.001777 0.590119
1305032375.961907 -0.883945 -0.181201 0.544675 -0.038847 0.803768 -0.001169 0.593673
1305032375.998887 -0.885673 -0.168103 0.535730 -0.029449 0.801262 -0.002150 0.597585
1305032376.032860 -0.889127 -0.164970 0.540202 -0.014067 0.799647 0.000460 0.600305
1305032376.061932 -0.903907 -0.144553 0.528596 -0.003087 0.799221 0.001122 0.601029
1305032376.102161 -0.912191 -0.131431 0.523801 0.000675 0.800570 0.004401 0.599223
1305032376.133711 -0.916216 -0.119555 0.520040 0.009591 0.801273 0.007045 0.598180
1305032376.162024 -0.925915 -0.103876 0.511496 0.017315 0.801478 0.009017 0.597706
1305032376.199867 -0.933097 -0.087996 0.506706 0.021208 0.803961 0.011150 0.594199
1305032376.230456 -0.936658 -0.079338 0.508088 0.027084 0.806871 0.013219 0.589959
1305032376.261897 -0.945443 -0.070500 0.508309 0.036256 0.808209 0.017911 0.587506
1305032376.301905 -0.951485 -0.057547 0.505222 0.035198 0.809759 0.021800 0.585301
1305032376.333850 -0.948619 -0.046997 0.506430 0.037211 0.811525 0.022656 0.582692
1305032376.362196 -0.953110 -0.032615 0.503880 0.043878 0.811116 0.025599 0.582675
1305032376.401623 -0.953541 -0.033522 0.503512 0.046618 0.811825 0.025625 0.581473
1305032376.433420 -0.957208 -0.028333 0.502035 0.053813 0.812058 0.024225 0.580586
1305032376.461966 -0.953197 -0.019697 0.502555 0.063952 0.812700 0.020037 0.578815
1305032376.502252 -0.954693 -0.015274 0.501975 0.076782 0.814464 0.014612 0.574925
1305032376.534217 -0.957452 -0.008633 0.502776 0.090716 0.815599 0.007517 0.571413
1305032376.562020 -0.960184 -0.000148 0.508104 0.099825 0.815606 -0.000898 0.569930
1305032376.601916 -0.957235 0.010820 0.512293 0.104936 0.815549 -0.008435 0.569032
1305032376.633870 -0.959560 0.018214 0.512570 0.114451 0.814507 -0.016394 0.568516
1305032376.662225 -0.958346 0.029495 0.517948 0.121787 0.813189 -0.021606 0.568705
1305032376.702073 -0.958842 0.038119 0.522415 0.124280 0.811587 -0.024993 0.570312
1305032376.734273 -0.959578 0.045307 0.527248 0.128548 0.809686 -0.029332 0.571859
1305032376.761981 -0.955331 0.054954 0.526968 0.132859 0.806711 -0.030500 0.575010
1305032376.802316 -0.956227 0.066803 0.528383 0.133995 0.805017 -0.034554 0.576888
1305032376.833971 -0.950515 0.078068 0.528673 0.137086 0.803768 -0.037648 0.577709
1305032376.861992 -0.947208 0.081741 0.529123 0.141507 0.801735 -0.042118 0.579158
1305032376.901902 -0.947614 0.092040 0.530198 0.142860 0.801072 -0.044238 0.579583
1305032376.933566 -0.942591 0.095510 0.529501 0.144054 0.800472 -0.046175 0.579966
1305032376.961961 -0.933816 0.101119 0.527552 0.147354 0.798307 -0.051679 0.581655
1305032376.999109 -0.934414 0.109546 0.526964 0.151293 0.797798 -0.056895 0.580855
1305032377.033968 -0.932552 0.115293 0.524369 0.153896 0.797054 -0.060417 0.580836
1305032377.062278 -0.926561 0.120097 0.524844 0.157988 0.794794 -0.063295 0.582525
1305032377.102624 -0.926291 0.128719 0.523770 0.161990 0.792441 -0.067147 0.584199
1305032377.129944 -0.921674 0.135481 0.522144 0.162601 0.791892 -0.066129 0.584889
1305032377.161952 -0.918894 0.139535 0.519802 0.163947 0.790382 -0.065154 0.586662
1305032377.201774 -0.917368 0.143809 0.520699 0.163956 0.789771 -0.062625 0.587757
1305032377.229977 -0.915704 0.146798 0.518597 0.162748 0.790177 -0.061249 0.587691
1305032377.261926 -0.912017 0.146896 0.518401 0.167284 0.788482 -0.061351 0.588684
1305032377.302313 -0.913344 0.148250 0.516176 0.167542 0.786772 -0.060640 0.590967
1305032377.330085 -0.910638 0.152525 0.518619 0.163823 0.786981 -0.059102 0.591886
1305032377.362122 -0.910304 0.145156 0.515764 0.160985 0.785253 -0.056897 0.595167
1305032377.401791 -0.908400 0.136873 0.517643 0.159084 0.783975 -0.055654 0.597477
1305032377.430000 -0.906459 0.133626 0.513381 0.152165 0.784124 -0.053590 0.599269
1305032377.461954 -0.907218 0.114229 0.511947 0.146790 0.783815 -0.052017 0.601150
1305032377.501541 -0.911470 0.104605 0.507758 0.143259 0.782167 -0.051245 0.604206
1305032377.530127 -0.907765 0.090390 0.502718 0.135192 0.782966 -0.049699 0.605159
1305032377.562030 -0.911003 0.071877 0.503525 0.127162 0.783061 -0.047204 0.606974
1305032377.602337 -0.910227 0.055985 0.497984 0.119644 0.781163 -0.045942 0.611031
1305032377.630198 -0.909005 0.041232 0.492312 0.110671 0.781393 -0.043500 0.612605
1305032377.662079 -0.910455 0.026265 0.484113 0.099992 0.781600 -0.039766 0.614428
1305032377.701676 -0.905015 0.001417 0.479306 0.089187 0.780604 -0.038005 0.617462
1305032377.730022 -0.908928 -0.018613 0.472627 0.076544 0.780161 -0.035982 0.619835
1305032377.762107 -0.904101 -0.039845 0.465948 0.063984 0.780752 -0.033737 0.620640
1305032377.801528 -0.899307 -0.064589 0.457955 0.053411 0.779676 -0.033096 0.623023
1305032377.829990 -0.901742 -0.088927 0.451600 0.041617 0.779335 -0.030653 0.624472
1305032377.862016 -0.889900 -0.102050 0.440004 0.028464 0.779164 -0.028989 0.625503
1305032377.901222 -0.887197 -0.121525 0.442756 0.014283 0.778159 -0.026469 0.627347
1305032377.929945 -0.890247 -0.141418 0.436774 0.000069 0.776221 -0.025087 0.629961
1305032377.962041 -0.883390 -0.161737 0.419927 -0.013338 0.773881 -0.018058 0.632932
1305032378.001490 -0.878151 -0.185734 0.419645 -0.028126 0.772365 -0.014250 0.634396
1305032378.030011 -0.871111 -0.201569 0.411673 -0.041809 0.768299 -0.012622 0.638600
1305032378.062184 -0.868281 -0.222460 0.405778 -0.058897 0.767071 -0.011137 0.638756
1305032378.101402 -0.863450 -0.235250 0.391016 -0.069732 0.765080 -0.001854 0.640146
1305032378.130166 -0.851549 -0.264283 0.375668 -0.083056 0.762222 -0.006268 0.641935
1305032378.162063 -0.847809 -0.280816 0.378282 -0.091190 0.760512 -0.004782 0.642871
1305032378.201701 -0.840150 -0.295973 0.364142 -0.101161 0.754305 0.000432 0.648684
1305032378.230090 -0.834024 -0.311098 0.364231 -0.113624 0.750570 0.002582 0.650944
1305032378.262060 -0.819780 -0.326419 0.346563 -0.128214 0.741861 0.003706 0.658172
1305032378.297958 -0.805638 -0.334739 0.341618 -0.135185 0.732185 0.015001 0.667387
1305032378.330021 -0.793695 -0.349971 0.330350 -0.147797 0.721970 0.015268 0.675783
1305032378.362038 -0.789964 -0.364893 0.320822 -0.166861 0.712721 0.016151 0.681121
1305032378.398026 -0.780413 -0.380618 0.308699 -0.184192 0.701351 0.027429 0.688061
1305032378.430058 -0.771893 -0.394157 0.299914 -0.199851 0.693069 0.037421 0.691603
1305032378.462047 -0.767635 -0.408213 0.297693 -0.212303 0.684672 0.049088 0.695515
1305032378.497867 -0.756888 -0.434118 0.299123 -0.233349 0.675698 0.052302 0.697313
1305032378.530157 -0.745259 -0.456321 0.300073 -0.250515 0.665332 0.050744 0.701428
1305032378.562081 -0.735934 -0.475773 0.298990 -0.266531 0.654529 0.047664 0.705891
1305032378.597959 -0.726848 -0.492445 0.295689 -0.284296 0.645248 0.047526 0.707511
1305032378.630158 -0.716962 -0.516577 0.290978 -0.302012 0.635110 0.052580 0.708985
1305032378.661960 -0.705258 -0.539472 0.287998 -0.321539 0.627421 0.058038 0.706815
1305032378.698231 -0.685370 -0.565686 0.288729 -0.336817 0.622088 0.061649 0.704103
1305032378.730042 -0.671532 -0.587193 0.293291 -0.343022 0.618739 0.063803 0.703866
1305032378.761985 -0.661512 -0.606578 0.294486 -0.345081 0.616260 0.068436 0.704599
1305032378.797887 -0.645195 -0.627096 0.297678 -0.345098 0.613684 0.071450 0.706536
1305032378.830168 -0.633999 -0.644291 0.300885 -0.343428 0.611416 0.072173 0.709239
1305032378.862028 -0.625416 -0.654878 0.307180 -0.344258 0.608445 0.073052 0.711298
1305032378.897945 -0.608241 -0.677457 0.315980 -0.346442 0.600569 0.071243 0.717091
1305032378.930160 -0.597086 -0.686817 0.321121 -0.350038 0.588486 0.062245 0.726143
1305032378.962166 -0.585655 -0.698034 0.325866 -0.360103 0.573366 0.047639 0.734376
1305032378.997991 -0.566762 -0.708844 0.323654 -0.370659 0.558580 0.032011 0.741334
1305032379.030183 -0.554780 -0.722888 0.327654 -0.379952 0.549890 0.023661 0.743436
1305032379.062055 -0.543601 -0.723226 0.327705 -0.389717 0.543339 0.024631 0.743166
1305032379.098076 -0.531108 -0.730361 0.328681 -0.393549 0.540261 0.029317 0.743221
1305032379.130109 -0.516223 -0.742322 0.326898 -0.393300 0.539740 0.041080 0.743175
1305032379.162033 -0.501282 -0.751247 0.325709 -0.394668 0.540572 0.054596 0.740971
1305032379.198104 -0.490115 -0.753968 0.323652 -0.396550 0.543495 0.069786 0.736539
1305032379.230194 -0.471544 -0.771658 0.327356 -0.397999 0.545170 0.078461 0.733642
1305032379.262091 -0.459228 -0.779897 0.327231 -0.394222 0.546236 0.082743 0.734417
1305032379.298124 -0.444465 -0.796337 0.329839 -0.393069 0.543949 0.085678 0.736394
1305032379.330184 -0.433096 -0.804612 0.330517 -0.390436 0.537331 0.080265 0.743232
1305032379.362135 -0.419984 -0.813193 0.328551 -0.390641 0.528208 0.066077 0.751019
1305032379.398082 -0.409980 -0.827255 0.330996 -0.393714 0.521970 0.054374 0.754705
1305032379.430183 -0.397852 -0.830102 0.331241 -0.400425 0.515215 0.043657 0.756510
1305032379.462019 -0.389377 -0.836504 0.339861 -0.406281 0.509495 0.034456 0.757735
1305032379.498116 -0.374360 -0.842328 0.350976 -0.409646 0.501386 0.021366 0.761804
1305032379.530134 -0.360261 -0.838886 0.364435 -0.405857 0.488253 0.006868 0.772555
1305032379.562170 -0.359095 -0.846549 0.364575 -0.400565 0.474681 -0.002144 0.783722
1305032379.598236 -0.350218 -0.853150 0.374248 -0.395610 0.468075 -0.002388 0.790185
1305032379.630200 -0.339188 -0.860507 0.377343 -0.392895 0.462489 0.000206 0.794819
1305032379.662215 -0.339531 -0.860964 0.378977 -0.390213 0.459934 -0.002418 0.797614
1305032379.698218 -0.335863 -0.863173 0.370890 -0.392984 0.455674 -0.007581 0.798666
1305032379.730243 -0.342323 -0.859112 0.370741 -0.396299 0.452737 -0.019945 0.798485
1305032379.762529 -0.346077 -0.871277 0.357709 -0.400888 0.452095 -0.027475 0.796332
1305032379.798231 -0.347749 -0.871640 0.336417 -0.408801 0.454509 -0.029561 0.790841
1305032379.830305 -0.352931 -0.874063 0.325128 -0.416543 0.457601 -0.027525 0.785071
1305032379.862243 -0.353751 -0.870407 0.312900 -0.423395 0.458340 -0.026090 0.781012
1305032379.898138 -0.358254 -0.873173 0.296648 -0.428817 0.458649 -0.023898 0.777937
1305032379.930293 -0.358650 -0.873301 0.284368 -0.434168 0.459661 -0.021427 0.774436
1305032379.962343 -0.360054 -0.873432 0.274100 -0.437742 0.462239 -0.022216 0.770859
1305032379.998300 -0.364410 -0.871798 0.261040 -0.441131 0.466039 -0.021781 0.766640
1305032380.030360 -0.366531 -0.868927 0.254023 -0.445798 0.467992 -0.021467 0.762750
1305032380.062398 -0.370787 -0.865578 0.245462 -0.448303 0.468606 -0.022748 0.760865
1305032380.098304 -0.374491 -0.857438 0.242286 -0.448432 0.468288 -0.020828 0.761039
1305032380.130311 -0.377248 -0.852592 0.236564 -0.448113 0.464379 -0.020441 0.763628
1305032380.162318 -0.380102 -0.846738 0.233264 -0.446423 0.457836 -0.023724 0.768459
1305032380.198396 -0.383094 -0.838130 0.231070 -0.441073 0.451046 -0.029776 0.775323
1305032380.230356 -0.386247 -0.832860 0.224518 -0.434962 0.446445 -0.032517 0.781305
1305032380.262393 -0.388457 -0.822465 0.221071 -0.427727 0.444452 -0.035885 0.786272
1305032380.298557 -0.393426 -0.813309 0.215962 -0.417491 0.444266 -0.028839 0.792147
1305032380.330519 -0.396077 -0.803248 0.208049 -0.409382 0.444173 -0.015366 0.796794
1305032380.362378 -0.397499 -0.787096 0.203313 -0.398467 0.445038 -0.003345 0.801969
1305032380.398355 -0.400524 -0.767026 0.204531 -0.381328 0.445280 0.004984 0.810117
1305032380.430475 -0.403885 -0.753135 0.195058 -0.365706 0.440770 0.015935 0.819589
1305032380.462299 -0.398727 -0.740091 0.187912 -0.351768 0.434492 0.019605 0.828910
1305032380.498445 -0.399618 -0.721656 0.180813 -0.328647 0.432198 0.017973 0.839567
1305032380.530597 -0.397910 -0.726487 0.169761 -0.323613 0.429315 0.023603 0.842856
1305032380.562412 -0.402414 -0.698751 0.159259 -0.324445 0.430402 0.024793 0.841947
1305032380.598350 -0.404635 -0.686953 0.150859 -0.322513 0.434178 0.020931 0.840855
1305032380.630332 -0.408354 -0.668246 0.143924 -0.320322 0.439870 0.017586 0.838808
1305032380.662349 -0.406900 -0.651516 0.145197 -0.317265 0.441506 0.007109 0.839265
1305032380.698289 -0.411787 -0.628982 0.136667 -0.302658 0.440495 -0.004914 0.845185
1305032380.730370 -0.409321 -0.609696 0.131409 -0.291004 0.439775 -0.014614 0.849530
1305032380.762372 -0.407519 -0.596791 0.123130 -0.273941 0.436076 -0.020719 0.856951
1305032380.798301 -0.416452 -0.567375 0.111750 -0.262375 0.439619 -0.013645 0.858899
1305032380.830371 -0.409945 -0.551897 0.102479 -0.263922 0.439329 -0.012635 0.858589
1305032380.862334 -0.408304 -0.543423 0.098496 -0.253209 0.440223 -0.012205 0.861359
1305032380.898284 -0.410377 -0.517337 0.072424 -0.238948 0.440376 -0.013002 0.865335
1305032380.930298 -0.412789 -0.505970 0.065417 -0.230122 0.447577 -0.010903 0.864060
1305032380.962305 -0.412617 -0.488051 0.041015 -0.215605 0.455085 -0.008328 0.863911
1305032380.998378 -0.416184 -0.478014 0.018995 -0.206744 0.462753 -0.007494 0.862010
1305032381.030403 -0.420685 -0.458104 -0.008912 -0.196954 0.471857 -0.003520 0.859388
1305032381.062315 -0.431102 -0.436891 -0.016948 -0.187737 0.482332 0.003292 0.855628
1305032381.098290 -0.441307 -0.428325 -0.029488 -0.180991 0.490603 0.013960 0.852265
1305032381.130313 -0.461109 -0.394369 -0.051037 -0.172210 0.499576 0.025426 0.848599
1305032381.162419 -0.472120 -0.371295 -0.061433 -0.164625 0.509396 0.040897 0.843648
1305032381.198441 -0.485098 -0.367371 -0.065036 -0.159400 0.518120 0.060528 0.838140
1305032381.230357 -0.487653 -0.358786 -0.078044 -0.155895 0.520955 0.076628 0.835722
1305032381.262413 -0.499810 -0.351080 -0.074501 -0.155599 0.525570 0.082600 0.832311
1305032381.298382 -0.511238 -0.342057 -0.074147 -0.148518 0.532111 0.088592 0.828826
1305032381.330288 -0.519831 -0.339965 -0.084651 -0.138490 0.535584 0.098677 0.827184
1305032381.362293 -0.535716 -0.315855 -0.097326 -0.129285 0.539724 0.104723 0.825237
1305032381.398352 -0.547034 -0.325216 -0.104550 -0.129105 0.546985 0.110889 0.819660
1305032381.430337 -0.562803 -0.312119 -0.117646 -0.126492 0.555941 0.114900 0.813467
1305032381.462322 -0.570289 -0.311532 -0.124650 -0.122515 0.567620 0.118580 0.805442
1305032381.498437 -0.579443 -0.315044 -0.135195 -0.116466 0.582978 0.120831 0.794967
1305032381.530570 -0.591841 -0.325299 -0.143312 -0.112711 0.595428 0.122531 0.785970
1305032381.562344 -0.596595 -0.335650 -0.144015 -0.106269 0.605154 0.118861 0.779980
1305032381.598331 -0.611038 -0.335410 -0.155594 -0.095969 0.615833 0.115809 0.773388
1305032381.630276 -0.627360 -0.343746 -0.152237 -0.088934 0.624343 0.118032 0.767043
1305032381.662406 -0.633929 -0.348965 -0.161960 -0.079433 0.633222 0.115394 0.761187
1305032381.698379 -0.644197 -0.350384 -0.159927 -0.066942 0.640218 0.110824 0.757204
1305032381.730349 -0.651618 -0.349612 -0.164385 -0.055106 0.641087 0.106848 0.757993
1305032381.762321 -0.654977 -0.348178 -0.172325 -0.046827 0.641436 0.104121 0.758635
1305032381.798267 -0.651628 -0.360267 -0.174703 -0.038123 0.640917 0.101285 0.759943
1305032381.830339 -0.654402 -0.360601 -0.183023 -0.021299 0.640202 0.098198 0.761607
1305032381.862314 -0.658316 -0.356392 -0.191162 -0.005797 0.639931 0.099423 0.761951
1305032381.898313 -0.653577 -0.368606 -0.204767 0.005425 0.641974 0.098374 0.760370
1305032381.930344 -0.651751 -0.375658 -0.210357 0.020043 0.646299 0.090235 0.757465
1305032381.962306 -0.656532 -0.377159 -0.223127 0.035210 0.647817 0.081559 0.756599
1305032381.998299 -0.658000 -0.377317 -0.232322 0.046047 0.652107 0.076563 0.752844
1305032382.030594 -0.660871 -0.376849 -0.240353 0.057380 0.656722 0.073523 0.748344
1305032382.062333 -0.664097 -0.379651 -0.251126 0.068533 0.660662 0.073013 0.743974
1305032382.098407 -0.663856 -0.390475 -0.264457 0.077793 0.662846 0.075673 0.740849
1305032382.130332 -0.667230 -0.384167 -0.276392 0.083735 0.665227 0.077289 0.737894
1305032382.162337 -0.668513 -0.381501 -0.289620 0.084423 0.666316 0.082124 0.736309
1305032382.198300 -0.664532 -0.381053 -0.304993 0.079987 0.665140 0.089622 0.736993
1305032382.230395 -0.657990 -0.381557 -0.316871 0.072381 0.664007 0.094504 0.738190
1305032382.262337 -0.651070 -0.378594 -0.321564 0.059995 0.661816 0.099652 0.740587
1305032382.298388 -0.639757 -0.389838 -0.327075 0.043341 0.656726 0.105175 0.745500
1305032382.330338 -0.623352 -0.388186 -0.333852 0.028521 0.648885 0.107440 0.752722
1305032382.362344 -0.612628 -0.392393 -0.340170 0.008604 0.639180 0.110425 0.761039
1305032382.398302 -0.593155 -0.391064 -0.339880 -0.009213 0.628142 0.114460 0.769579
1305032382.430306 -0.573854 -0.393975 -0.340449 -0.028797 0.615278 0.121281 0.778392
1305032382.462307 -0.545971 -0.406215 -0.351094 -0.051080 0.598922 0.129908 0.788547
1305032382.498305 -0.518422 -0.414381 -0.356843 -0.071725 0.582232 0.134860 0.798545
1305032382.530313 -0.487969 -0.412445 -0.352185 -0.095562 0.564085 0.138325 0.808420
1305032382.562286 -0.438923 -0.434034 -0.356026 -0.113274 0.548016 0.139628 0.816916
1305032382.598353 -0.419108 -0.426894 -0.351474 -0.129528 0.530505 0.136356 0.826556
1305032382.630346 -0.382985 -0.435765 -0.346944 -0.152415 0.509036 0.139182 0.835632
1305032382.662292 -0.344829 -0.455597 -0.331733 -0.168940 0.490126 0.137464 0.844002
1305032382.698317 -0.294399 -0.494481 -0.324835 -0.177215 0.474656 0.131957 0.851988
1305032382.730327 -0.261974 -0.509008 -0.312270 -0.188048 0.461048 0.123146 0.858433
1305032382.762183 -0.235014 -0.524147 -0.297354 -0.203544 0.446610 0.112163 0.864019
1305032382.798300 -0.197041 -0.553212 -0.287803 -0.213142 0.434699 0.098157 0.869467
1305032382.830351 -0.174204 -0.581038 -0.268081 -0.223494 0.419989 0.084154 0.875544
1305032382.862516 -0.155141 -0.603694 -0.247512 -0.235618 0.403895 0.070515 0.881125
1305032382.898275 -0.129382 -0.638776 -0.219090 -0.246863 0.384172 0.060356 0.887597
1305032382.930284 -0.112121 -0.641014 -0.208188 -0.245947 0.365350 0.049652 0.896417
1305032382.962382 -0.095810 -0.663887 -0.186261 -0.249709 0.347049 0.044111 0.902916
1305032382.998323 -0.078394 -0.679586 -0.169616 -0.255502 0.327239 0.041829 0.908782
1305032383.030405 -0.065962 -0.695325 -0.159085 -0.261310 0.308474 0.039754 0.913773
1305032383.062301 -0.047023 -0.712472 -0.143045 -0.266994 0.291717 0.038642 0.917672
1305032383.098297 -0.046302 -0.730441 -0.115708 -0.271116 0.279828 0.031755 0.920426
1305032383.130529 -0.026815 -0.741391 -0.106656 -0.267930 0.263348 0.028200 0.926319
1305032383.162552 -0.015779 -0.743376 -0.104478 -0.271939 0.246057 0.028134 0.929900
1305032383.198294 0.003910 -0.743803 -0.103977 -0.284308 0.226440 0.024474 0.931287
1305032383.231449 0.008410 -0.756069 -0.091496 -0.299474 0.214810 0.012765 0.929521
1305032383.262330 0.015309 -0.768068 -0.077502 -0.310629 0.204816 0.000542 0.928203
1305032383.298309 0.023002 -0.773982 -0.062819 -0.313846 0.192137 -0.009372 0.929783
1305032383.330305 0.031121 -0.771227 -0.054227 -0.312554 0.175339 -0.017491 0.933413
1305032383.362334 0.036004 -0.782607 -0.045698 -0.312240 0.158769 -0.022065 0.936382
1305032383.398286 0.045235 -0.793860 -0.040954 -0.313466 0.141838 -0.027345 0.938548
1305032383.430324 0.045707 -0.799371 -0.033134 -0.313140 0.129006 -0.035214 0.940245
1305032383.462332 0.058947 -0.803218 -0.036987 -0.313889 0.113037 -0.041697 0.941784
1305032383.498344 0.057600 -0.814863 -0.032163 -0.315869 0.104010 -0.049366 0.941792
1305032383.530359 0.067002 -0.816700 -0.037214 -0.318341 0.096188 -0.053554 0.941562
1305032383.562471 0.060858 -0.834275 -0.023284 -0.321352 0.088700 -0.062347 0.940733
1305032383.598345 0.061725 -0.835904 -0.025012 -0.312456 0.079052 -0.061404 0.944644
1305032383.630389 0.060310 -0.846782 -0.032836 -0.311896 0.068029 -0.055368 0.946059
1305032383.662347 0.057661 -0.850605 -0.032325 -0.312200 0.054161 -0.054321 0.946915
1305032383.698408 0.056645 -0.854894 -0.034418 -0.312674 0.038310 -0.057567 0.947340
1305032383.730311 0.054345 -0.859551 -0.035822 -0.318303 0.023801 -0.060243 0.945773
1305032383.762295 0.050492 -0.860329 -0.031260 -0.325680 0.011061 -0.062664 0.943336
1305032383.798245 0.049537 -0.864584 -0.028284 -0.330164 -0.000208 -0.064497 0.941717
1305032383.830511 0.047633 -0.866756 -0.024752 -0.332140 -0.012036 -0.067189 0.940757
1305032383.862397 0.046190 -0.865503 -0.024307 -0.332641 -0.022016 -0.068437 0.940309
1305032383.898295 0.047145 -0.865794 -0.024195 -0.334170 -0.029077 -0.068112 0.939599
1305032383.930382 0.046582 -0.863696 -0.022339 -0.334192 -0.032090 -0.066521 0.939607
1305032383.962464 0.046816 -0.860011 -0.024597 -0.334667 -0.033441 -0.061900 0.939706
1305032383.998360 0.048704 -0.856987 -0.024937 -0.336643 -0.034623 -0.055641 0.939349
1305032384.030384 0.051433 -0.852291 -0.023776 -0.336921 -0.034587 -0.047904 0.939677
1305032384.062390 0.053016 -0.846231 -0.023853 -0.336445 -0.035213 -0.041243 0.940140
1305032384.098318 0.059455 -0.841253 -0.023256 -0.337052 -0.037358 -0.035984 0.940056
1305032384.130400 0.062933 -0.839239 -0.022536 -0.335591 -0.039349 -0.030426 0.940694
1305032384.162395 0.065500 -0.834822 -0.025707 -0.333019 -0.039448 -0.023610 0.941799
1305032384.198333 0.069135 -0.833213 -0.021441 -0.330269 -0.039596 -0.020092 0.942842
1305032384.230364 0.071094 -0.833501 -0.025029 -0.325785 -0.040481 -0.018669 0.944392
1305032384.262262 0.075357 -0.828804 -0.023984 -0.320947 -0.041658 -0.015650 0.946051
1305032384.298317 0.074503 -0.829262 -0.021536 -0.313650 -0.041802 -0.012756 0.948532
1305032384.330331 0.074345 -0.827282 -0.022240 -0.303604 -0.043916 -0.008888 0.951744
1305032384.362345 0.075983 -0.818459 -0.031654 -0.295218 -0.044964 -0.004817 0.954359
1305032384.398303 0.082477 -0.808312 -0.039640 -0.291059 -0.044645 -0.002375 0.955660
1305032384.431342 0.089552 -0.800552 -0.042013 -0.289186 -0.046153 -0.003815 0.956152
1305032384.462609 0.087269 -0.790847 -0.047129 -0.287126 -0.047992 -0.009100 0.956646
1305032384.498266 0.093447 -0.780686 -0.049893 -0.286487 -0.051140 -0.011963 0.956643
1305032384.530361 0.098580 -0.768497 -0.051258 -0.285923 -0.052771 -0.012468 0.956717
1305032384.566265 0.098658 -0.753739 -0.057758 -0.284227 -0.054706 -0.012883 0.957108
1305032384.598309 0.100093 -0.739556 -0.064001 -0.285518 -0.056082 -0.013117 0.956641
1305032384.630376 0.107009 -0.727175 -0.062986 -0.285222 -0.056407 -0.010502 0.956743
1305032384.666270 0.109724 -0.713815 -0.066823 -0.281782 -0.055283 -0.004228 0.957875
1305032384.698533 0.113480 -0.697866 -0.070928 -0.278357 -0.056227 0.006057 0.958812
1305032384.730303 0.120247 -0.685521 -0.075900 -0.273637 -0.056840 0.015733 0.960023
1305032384.766314 0.125326 -0.674141 -0.076937 -0.265580 -0.053832 0.024660 0.962269
1305032384.798284 0.129802 -0.660579 -0.083195 -0.254796 -0.053373 0.033465 0.964941
1305032384.830384 0.140367 -0.644576 -0.088210 -0.238528 -0.055575 0.038583 0.968776
1305032384.866305 0.147802 -0.630240 -0.099092 -0.220543 -0.056079 0.042442 0.972839
1305032384.898278 0.152635 -0.614107 -0.111198 -0.202415 -0.057114 0.046795 0.976512
1305032384.930358 0.160089 -0.592750 -0.123219 -0.185231 -0.055830 0.051110 0.979776
1305032384.966321 0.165976 -0.576266 -0.132926 -0.170313 -0.053683 0.055410 0.982365
1305032384.998291 0.172629 -0.556946 -0.145674 -0.156160 -0.050287 0.058896 0.984691
1305032385.030348 0.182407 -0.545602 -0.156654 -0.144538 -0.046750 0.062124 0.986440
1305032385.066236 0.185518 -0.528286 -0.171585 -0.130968 -0.043318 0.067217 0.988156
1305032385.098221 0.195925 -0.504287 -0.186530 -0.120795 -0.040070 0.072879 0.989187
1305032385.130368 0.205341 -0.493871 -0.195450 -0.114302 -0.035143 0.077050 0.989830
1305032385.166295 0.220693 -0.473239 -0.210756 -0.103315 -0.031523 0.081423 0.990809
1305032385.198298 0.229196 -0.454050 -0.223020 -0.096435 -0.025580 0.086561 0.991238
1305032385.230529 0.234290 -0.443161 -0.229819 -0.089767 -0.021059 0.088604 0.991790
1305032385.266354 0.242508 -0.426500 -0.241781 -0.078247 -0.017789 0.086484 0.993016
1305032385.298337 0.250542 -0.398416 -0.251013 -0.068890 -0.012181 0.084487 0.993966
1305032385.330400 0.257065 -0.381398 -0.255124 -0.063502 -0.008844 0.080441 0.994695
1305032385.366405 0.267160 -0.363309 -0.263111 -0.056614 -0.007176 0.074301 0.995602
1305032385.398286 0.267471 -0.335898 -0.270434 -0.044650 -0.007194 0.068203 0.996646
1305032385.430290 0.288123 -0.328413 -0.274046 -0.035600 -0.009648 0.059796 0.997529
1305032385.466253 0.291578 -0.304678 -0.280136 -0.027924 -0.011130 0.055158 0.998025
1305032385.498209 0.289285 -0.306545 -0.276471 -0.018459 -0.014425 0.047840 0.998580
1305032385.530304 0.298145 -0.303632 -0.286945 -0.003227 -0.018820 0.043988 0.998850
1305032385.566282 0.305555 -0.271491 -0.278814 0.008919 -0.025804 0.040289 0.998815
1305032385.598292 0.305693 -0.244102 -0.277020 0.013502 -0.030495 0.038908 0.998686
1305032385.630323 0.307805 -0.228145 -0.275010 0.012847 -0.034119 0.039526 0.998553
1305032385.666392 0.299899 -0.225872 -0.273195 0.014464 -0.040047 0.043524 0.998145
1305032385.698221 0.304961 -0.196168 -0.266179 0.019510 -0.047736 0.050615 0.997386
1305032385.730305 0.298948 -0.181144 -0.264153 0.018441 -0.052952 0.057914 0.996746
1305032385.766216 0.293328 -0.177510 -0.264578 0.018855 -0.058071 0.066122 0.995942
1305032385.830307 0.275872 -0.165581 -0.267474 0.016926 -0.054573 0.092335 0.994087
1305032385.866318 0.307611 -0.135078 -0.260148 0.026935 -0.057917 0.106288 0.992282
1305032385.930288 0.304417 -0.113901 -0.259310 0.038273 -0.056420 0.132900 0.988782
1305032385.966310 0.319575 -0.094201 -0.259510 0.043715 -0.057545 0.140192 0.987484
1305032385.998400 0.324768 -0.080165 -0.254210 0.049472 -0.056596 0.144977 0.986575
1305032386.030330 0.324489 -0.066872 -0.254368 0.056216 -0.054072 0.153176 0.985116
1305032386.066256 0.325755 -0.045542 -0.251028 0.059151 -0.052379 0.164160 0.983265
1305032386.130381 0.319056 -0.010268 -0.230104 0.065723 -0.058724 0.180661 0.979589
1305032386.166258 0.326995 0.003310 -0.216880 0.065897 -0.067433 0.185148 0.978177
1305032386.230319 0.328662 0.017164 -0.196540 0.057730 -0.089258 0.195420 0.974942
1305032386.266337 0.315419 0.018865 -0.190970 0.052997 -0.101588 0.197231 0.973638
1305032386.330294 0.325512 0.038131 -0.171649 0.041381 -0.124754 0.198397 0.971269
1305032386.366261 0.327086 0.052009 -0.158239 0.033522 -0.142189 0.193469 0.970169
1305032386.430384 0.332326 0.038074 -0.157408 0.010636 -0.164965 0.179810 0.969712
1305032386.466238 0.338010 0.041337 -0.145714 0.003992 -0.179933 0.168188 0.969186
1305032386.498351 0.344726 0.023530 -0.147448 -0.004808 -0.188566 0.158488 0.969176
1305032386.530449 0.343414 0.008743 -0.138346 -0.007324 -0.201083 0.149613 0.968054
1305032386.566270 0.353744 -0.004250 -0.125714 -0.010342 -0.213420 0.137261 0.967215
1305032386.598281 0.356669 -0.022611 -0.123621 -0.016132 -0.222768 0.128558 0.966223
1305032386.630302 0.365529 -0.040081 -0.112407 -0.018221 -0.233248 0.120298 0.964776
1305032386.666363 0.374737 -0.065390 -0.103994 -0.019285 -0.238997 0.112467 0.964292
1305032386.698268 0.389229 -0.060662 -0.098742 -0.019919 -0.244501 0.106971 0.963524
1305032386.730306 0.393739 -0.075013 -0.101310 -0.024997 -0.249516 0.099835 0.962886
1305032386.766239 0.407707 -0.085803 -0.097544 -0.033312 -0.255019 0.090320 0.962132
1305032386.798231 0.407068 -0.084846 -0.092599 -0.039986 -0.258030 0.082684 0.961761
1305032386.830304 0.419705 -0.103534 -0.094922 -0.052655 -0.262197 0.071941 0.960887
1305032386.866257 0.440364 -0.098202 -0.078229 -0.064636 -0.267946 0.060673 0.959346
1305032386.930353 0.415982 -0.142258 -0.108763 -0.105168 -0.264526 0.044973 0.957572
1305032386.966319 0.450914 -0.133955 -0.085556 -0.121131 -0.271905 0.033036 0.954098
1305032387.030343 0.458377 -0.178721 -0.082464 -0.163554 -0.271237 0.022991 0.948236
1305032387.066271 0.482518 -0.201055 -0.068005 -0.174918 -0.276435 0.016719 0.944832
1305032387.130350 0.505351 -0.224079 -0.063632 -0.183733 -0.281496 -0.001328 0.941807
1305032387.166222 0.511012 -0.253586 -0.053933 -0.198176 -0.281554 -0.020338 0.938637
1305032387.198268 0.525773 -0.271518 -0.043459 -0.205381 -0.280823 -0.029510 0.937062
1305032387.230283 0.533827 -0.291777 -0.039843 -0.208696 -0.276398 -0.037756 0.937350
1305032387.298368 0.582674 -0.342232 -0.002013 -0.218044 -0.280412 -0.058599 0.932948
1305032387.330577 0.565231 -0.345376 -0.015682 -0.221420 -0.270310 -0.071797 0.934212
1305032387.366220 0.572361 -0.357037 -0.020738 -0.230390 -0.266909 -0.080399 0.932318
1305032387.398271 0.582065 -0.375489 -0.009452 -0.237736 -0.267465 -0.088751 0.929552
1305032387.430273 0.587841 -0.392686 -0.003852 -0.242516 -0.267573 -0.094451 0.927723
1305032387.466265 0.592732 -0.405750 0.003902 -0.250353 -0.269200 -0.101923 0.924373
1305032387.498285 0.597572 -0.420964 0.010704 -0.255703 -0.268740 -0.110485 0.922056
1305032387.530295 0.601208 -0.436539 0.019225 -0.257197 -0.271002 -0.117149 0.920154
1305032387.598263 0.602393 -0.459648 0.033657 -0.260229 -0.284242 -0.133702 0.913023
1305032387.630372 0.605040 -0.472814 0.039231 -0.261617 -0.291905 -0.143972 0.908636
1305032387.666258 0.609844 -0.489351 0.047020 -0.263411 -0.302489 -0.155265 0.902778
1305032387.730288 0.609671 -0.513945 0.061633 -0.269419 -0.318850 -0.169492 0.892760
1305032387.766251 0.610681 -0.523281 0.071613 -0.275899 -0.326154 -0.177108 0.886643
1305032387.830291 0.617080 -0.544332 0.083939 -0.296469 -0.335382 -0.193170 0.873104
1305032387.866424 0.612220 -0.548683 0.099077 -0.306298 -0.338436 -0.195359 0.868031
1305032387.898274 0.613125 -0.554362 0.109771 -0.318890 -0.338807 -0.190221 0.864485
1305032387.930296 0.614550 -0.565886 0.117160 -0.333894 -0.339008 -0.187263 0.859373
1305032387.998271 0.616629 -0.583910 0.140942 -0.347228 -0.344632 -0.194262 0.850249
1305032388.030284 0.617695 -0.589227 0.152314 -0.346835 -0.346434 -0.201176 0.848067
1305032388.066278 0.622490 -0.602010 0.163326 -0.348098 -0.349730 -0.209237 0.844237
1305032388.098203 0.620713 -0.611117 0.173725 -0.345687 -0.351524 -0.214589 0.843139
1305032388.130279 0.619114 -0.621779 0.183266 -0.342977 -0.355276 -0.215881 0.842343
1305032388.166206 0.617488 -0.632294 0.194472 -0.339400 -0.360577 -0.216351 0.841418
1305032388.198299 0.619373 -0.647472 0.205178 -0.336375 -0.365233 -0.215779 0.840772
1305032388.230288 0.625595 -0.656755 0.210005 -0.334278 -0.367869 -0.214300 0.840837
1305032388.266264 0.627842 -0.668398 0.218124 -0.334803 -0.370534 -0.211551 0.840153
1305032388.298267 0.627420 -0.682373 0.229563 -0.337499 -0.373313 -0.207629 0.838822
1305032388.330289 0.626910 -0.689918 0.239497 -0.336773 -0.375609 -0.202509 0.839340
1305032388.366200 0.629092 -0.699056 0.250397 -0.334788 -0.379384 -0.196814 0.839791
1305032388.398324 0.630719 -0.709692 0.256720 -0.334057 -0.381144 -0.191203 0.840581
1305032388.430353 0.629395 -0.720376 0.270374 -0.334262 -0.382830 -0.185228 0.841071
1305032388.466360 0.630735 -0.727532 0.276797 -0.331978 -0.384430 -0.182191 0.841909
1305032388.498314 0.629201 -0.735813 0.287153 -0.328610 -0.387749 -0.182031 0.841743
1305032388.530317 0.625526 -0.745077 0.294694 -0.324215 -0.391956 -0.182397 0.841420
1305032388.566433 0.619353 -0.751733 0.299913 -0.320421 -0.397856 -0.184290 0.839689
1305032388.598102 0.614236 -0.764071 0.306496 -0.318733 -0.403152 -0.187010 0.837201
1305032388.630638 0.613928 -0.765268 0.319245 -0.312457 -0.410075 -0.192706 0.834909
1305032388.666463 0.611284 -0.782814 0.319840 -0.310673 -0.413539 -0.199847 0.832183
1305032388.698276 0.603833 -0.796190 0.319166 -0.312290 -0.415759 -0.211028 0.827699
1305032388.730300 0.599550 -0.802358 0.324290 -0.313693 -0.418744 -0.221450 0.822928
1305032388.766466 0.586399 -0.809868 0.331146 -0.316274 -0.420777 -0.231457 0.818135
1305032388.798291 0.577520 -0.815686 0.339674 -0.318313 -0.424258 -0.238078 0.813635
1305032388.830274 0.567241 -0.821654 0.351426 -0.321198 -0.427941 -0.241327 0.809604
1305032388.866265 0.554896 -0.815219 0.361851 -0.319446 -0.432550 -0.242169 0.807594
1305032388.898315 0.547781 -0.821543 0.367858 -0.317697 -0.437121 -0.244298 0.805178
1305032388.966222 0.534564 -0.822816 0.381181 -0.313366 -0.447354 -0.247904 0.800137
1305032388.998435 0.526051 -0.828534 0.388900 -0.312694 -0.451659 -0.246229 0.798497
1305032389.030354 0.519010 -0.834769 0.395679 -0.312247 -0.456745 -0.246824 0.795590
1305032389.066283 0.515750 -0.832769 0.401072 -0.309027 -0.464106 -0.249771 0.791658
1305032389.098475 0.508401 -0.833387 0.409350 -0.304493 -0.470508 -0.255199 0.787896
1305032389.130339 0.503746 -0.837224 0.415432 -0.301726 -0.475011 -0.259448 0.784865
1305032389.166249 0.504371 -0.839485 0.420632 -0.300541 -0.479584 -0.263619 0.781140
1305032389.198192 0.492293 -0.837382 0.432213 -0.295533 -0.484958 -0.267520 0.778401
1305032389.230352 0.489387 -0.832872 0.433544 -0.289320 -0.489047 -0.271657 0.776743
1305032389.266261 0.489042 -0.834382 0.434936 -0.285590 -0.494866 -0.275298 0.773148
1305032389.298468 0.489311 -0.832251 0.440390 -0.281587 -0.502635 -0.278785 0.768340
1305032389.330364 0.490422 -0.828775 0.444678 -0.277771 -0.508574 -0.280479 0.765198
1305032389.366289 0.496487 -0.828731 0.446887 -0.276877 -0.512348 -0.281961 0.762454
1305032389.398221 0.502347 -0.828227 0.454328 -0.278125 -0.515904 -0.283587 0.758992
1305032389.430273 0.502710 -0.823631 0.462648 -0.277170 -0.520444 -0.284335 0.755955
1305032389.466345 0.505462 -0.820501 0.470725 -0.274638 -0.525297 -0.282762 0.754110
1305032389.498274 0.511379 -0.817094 0.470527 -0.274289 -0.528455 -0.282882 0.751983
1305032389.530390 0.517247 -0.815581 0.475656 -0.274696 -0.531028 -0.284480 0.749415
1305032389.566312 0.523364 -0.810908 0.484134 -0.273370 -0.532939 -0.284825 0.748412
1305032389.598318 0.530622 -0.805270 0.484380 -0.271976 -0.535263 -0.284943 0.747215
1305032389.630446 0.537910 -0.806082 0.490298 -0.273600 -0.538675 -0.284563 0.744309
1305032389.666311 0.538212 -0.802007 0.496372 -0.273186 -0.540196 -0.282296 0.744222
1305032389.698354 0.539563 -0.792042 0.500926 -0.269103 -0.541594 -0.276607 0.746825
1305032389.730325 0.549483 -0.787790 0.504332 -0.266028 -0.544165 -0.272245 0.747660
1305032389.766305 0.558836 -0.784740 0.510387 -0.263380 -0.546434 -0.268319 0.748362
1305032389.798350 0.561502 -0.775467 0.516707 -0.258726 -0.548021 -0.261767 0.751140
1305032389.830333 0.568022 -0.767437 0.518802 -0.254183 -0.549480 -0.252856 0.754670
1305032389.866297 0.578081 -0.764004 0.524339 -0.251076 -0.551231 -0.245686 0.756798
1305032389.898298 0.578240 -0.756029 0.526934 -0.243456 -0.553404 -0.240272 0.759436
1305032389.930390 0.581397 -0.747422 0.526623 -0.230223 -0.560492 -0.235975 0.759712
1305032389.966584 0.588265 -0.734407 0.526983 -0.216163 -0.569156 -0.229263 0.759456
1305032389.998160 0.590513 -0.726605 0.527053 -0.204805 -0.577317 -0.222246 0.758529
1305032390.030360 0.595609 -0.714834 0.524938 -0.189666 -0.587333 -0.216983 0.756297
1305032390.066362 0.599918 -0.713434 0.531233 -0.181761 -0.593912 -0.212260 0.754438
1305032390.098296 0.614847 -0.702517 0.524136 -0.174770 -0.595087 -0.207996 0.756349
1305032390.130365 0.608848 -0.688125 0.523991 -0.168476 -0.596383 -0.202228 0.758318
1305032390.166283 0.609893 -0.679675 0.526793 -0.162705 -0.598052 -0.193550 0.760526
1305032390.198282 0.615612 -0.674544 0.525560 -0.158083 -0.598825 -0.188393 0.762186
1305032390.230411 0.614618 -0.655205 0.522512 -0.149020 -0.598448 -0.181922 0.765870
1305032390.266217 0.616365 -0.642443 0.522130 -0.140975 -0.597820 -0.170837 0.770423
1305032390.298276 0.620696 -0.635152 0.521119 -0.135785 -0.597485 -0.161961 0.773526
1305032390.330278 0.622753 -0.620743 0.518539 -0.129902 -0.595683 -0.150692 0.778190
1305032390.366126 0.627020 -0.614078 0.516474 -0.128201 -0.595316 -0.140271 0.780697
1305032390.398300 0.629742 -0.600918 0.519131 -0.123687 -0.597390 -0.129583 0.781688
1305032390.430297 0.631232 -0.598075 0.523455 -0.119521 -0.600176 -0.120905 0.781592
1305032390.466247 0.635064 -0.584860 0.527845 -0.113651 -0.602121 -0.113306 0.782110
1305032390.498379 0.631149 -0.584252 0.515553 -0.111582 -0.601376 -0.107487 0.783800
1305032390.566260 0.640678 -0.559832 0.528572 -0.099848 -0.605858 -0.089337 0.784210
1305032390.598269 0.641202 -0.547407 0.526019 -0.095023 -0.606024 -0.080053 0.785682
1305032390.630354 0.640997 -0.539790 0.533147 -0.090274 -0.606616 -0.071222 0.786635
1305032390.666360 0.642909 -0.536606 0.522958 -0.084165 -0.603388 -0.063126 0.790477
1305032390.698339 0.644743 -0.541299 0.524310 -0.081084 -0.603180 -0.058688 0.791300
1305032390.730324 0.648356 -0.534725 0.527480 -0.078769 -0.604020 -0.053168 0.791282
1305032390.766286 0.654110 -0.524679 0.525658 -0.077442 -0.603268 -0.048003 0.792317
1305032390.798308 0.661577 -0.520417 0.529749 -0.079471 -0.603558 -0.044698 0.792088
1305032390.830359 0.659610 -0.504321 0.534152 -0.079350 -0.603830 -0.041082 0.792089
1305032390.866336 0.663508 -0.489482 0.543508 -0.077527 -0.605731 -0.035482 0.791088
1305032390.898311 0.666713 -0.484471 0.549412 -0.077665 -0.607066 -0.031596 0.790216
1305032390.930353 0.670700 -0.458912 0.560866 -0.072956 -0.609104 -0.026527 0.789282
1305032390.966292 0.665438 -0.454242 0.567191 -0.067926 -0.610907 -0.021792 0.788482
1305032390.998365 0.666151 -0.445144 0.585773 -0.058923 -0.616131 -0.015153 0.785291
1305032391.030566 0.675959 -0.425953 0.582308 -0.053305 -0.618370 -0.011579 0.783992
1305032391.066281 0.677995 -0.413763 0.575394 -0.053592 -0.616995 -0.009373 0.785084
1305032391.098310 0.677376 -0.405471 0.590585 -0.055472 -0.619893 -0.005243 0.782706
1305032391.130361 0.670216 -0.386596 0.605391 -0.050116 -0.624539 0.000479 0.779384
1305032391.166263 0.674655 -0.381057 0.603431 -0.046934 -0.626281 0.004145 0.778172
1305032391.198275 0.678074 -0.364146 0.607181 -0.045982 -0.626905 0.008864 0.777687
1305032391.230301 0.677348 -0.348265 0.611805 -0.046331 -0.628067 0.016063 0.776613
1305032391.266335 0.674965 -0.329109 0.613513 -0.044737 -0.629335 0.023145 0.775500
1305032391.298278 0.680101 -0.326169 0.626740 -0.046682 -0.632332 0.026591 0.772833
1305032391.330276 0.676467 -0.304577 0.626453 -0.047591 -0.633976 0.033759 0.771148
1305032391.366253 0.675565 -0.295650 0.622508 -0.050074 -0.634518 0.040138 0.770239
1305032391.398298 0.680197 -0.291902 0.638057 -0.053851 -0.637972 0.044050 0.766910
1305032391.430307 0.678853 -0.278006 0.647640 -0.057081 -0.641932 0.048648 0.763085
1305032391.466196 0.685965 -0.285859 0.656705 -0.063581 -0.645325 0.051175 0.759536
1305032391.498122 0.687407 -0.271736 0.654911 -0.068462 -0.645787 0.055356 0.758424
1305032391.530302 0.668933 -0.227996 0.624530 -0.065915 -0.641295 0.063549 0.761812
1305032391.566367 0.667258 -0.229066 0.627257 -0.070238 -0.642088 0.071452 0.760056
1305032391.598147 0.676384 -0.225405 0.652890 -0.075215 -0.646449 0.076730 0.755354
1305032391.630273 0.673097 -0.213934 0.649480 -0.078431 -0.646996 0.081569 0.754050
1305032391.666362 0.666141 -0.185694 0.662942 -0.078717 -0.651014 0.087282 0.749911
1305032391.698346 0.663376 -0.186291 0.659272 -0.085030 -0.653739 0.090399 0.746474
1305032391.730278 0.666267 -0.183602 0.657244 -0.090705 -0.656356 0.088444 0.743739
1305032391.766303 0.660014 -0.165115 0.652626 -0.090790 -0.656912 0.086702 0.743442
1305032391.798157 0.663398 -0.174831 0.641753 -0.097620 -0.654957 0.087367 0.744223
1305032391.830252 0.660432 -0.168772 0.635740 -0.104152 -0.650719 0.086459 0.747156
1305032391.866276 0.653858 -0.149707 0.629378 -0.104390 -0.645611 0.087207 0.751455
1305032391.898229 0.649694 -0.138865 0.625321 -0.103254 -0.642150 0.090299 0.754207
1305032391.930429 0.655713 -0.157984 0.638102 -0.108812 -0.641774 0.088844 0.753918
1305032391.966414 0.645037 -0.153537 0.644472 -0.109043 -0.642496 0.085115 0.753700
