# TF Coordinate Frame ID: openni_rgb_optical_frame(data: openni_rgb_optical_frame)
1305032353.993165 -0.028158 -0.114705 -0.260166 0.029900 0.114470 0.006435 0.992956
1305032354.057249 -0.024558 -0.123935 -0.261829 0.010002 0.117778 0.000995 0.992989
1305032354.093194 -0.021918 -0.134078 -0.264003 0.000679 0.115012 0.001303 0.993363
1305032354.125261 -0.035383 -0.122188 -0.262687 -0.011510 0.119274 -0.002197 0.992792
1305032354.157308 -0.038023 -0.130404 -0.269142 -0.027259 0.123034 0.001689 0.992027
1305032354.193245 -0.036307 -0.160374 -0.269099 -0.044913 0.123908 0.010869 0.991217
1305032354.225326 -0.035544 -0.155403 -0.274137 -0.055409 0.125865 0.013882 0.990401
1305032354.257317 -0.027773 -0.192567 -0.274732 -0.075254 0.126471 0.018444 0.988940
1305032354.293299 -0.015400 -0.254896 -0.274917 -0.090900 0.126001 0.020373 0.987647
1305032354.325326 -0.004031 -0.274102 -0.275559 -0.096713 0.123587 0.017093 0.987462
1305032354.357420 -0.008471 -0.288513 -0.275005 -0.102315 0.124097 0.011880 0.986910
1305032354.394078 -0.004600 -0.320338 -0.276080 -0.109444 0.122999 0.007038 0.986328
1305032354.457427 -0.010390 -0.348054 -0.290195 -0.120540 0.123354 -0.000350 0.985015
1305032354.493265 -0.018048 -0.350680 -0.289464 -0.129529 0.126412 -0.002104 0.983483
1305032354.525430 -0.017616 -0.376694 -0.293944 -0.142247 0.129998 0.001400 0.981256
1305032354.557471 -0.024359 -0.382838 -0.299531 -0.156804 0.135752 0.006564 0.978234
1305032354.593446 -0.016087 -0.399094 -0.303411 -0.173390 0.138450 0.016365 0.974936
1305032354.625455 -0.015697 -0.413679 -0.306160 -0.185241 0.141797 0.027472 0.972021
1305032354.657511 -0.013655 -0.426758 -0.301363 -0.196740 0.144224 0.035875 0.969126
1305032354.693491 -0.013115 -0.441660 -0.305901 -0.206518 0.144088 0.044188 0.966766
1305032354.725481 -0.010670 -0.452926 -0.304746 -0.217464 0.141375 0.049463 0.964508
1305032354.757506 -0.006343 -0.467722 -0.303063 -0.228998 0.136376 0.050365 0.962510
1305032354.793541 -0.004971 -0.479542 -0.296615 -0.236011 0.132708 0.048406 0.961428
1305032354.825638 -0.001021 -0.489460 -0.292620 -0.241022 0.127846 0.044488 0.961033
1305032354.857806 0.003264 -0.506442 -0.301390 -0.247949 0.123279 0.040729 0.960034
1305032354.893584 0.006187 -0.520515 -0.299230 -0.255866 0.118697 0.036399 0.958707
1305032354.925606 0.008175 -0.535211 -0.301243 -0.263696 0.112732 0.032951 0.957429
1305032354.957696 0.014617 -0.551657 -0.302691 -0.276891 0.105250 0.026526 0.954751
1305032354.993644 0.018564 -0.561778 -0.301753 -0.281968 0.100303 0.017646 0.954003
1305032355.025740 0.023020 -0.572457 -0.303439 -0.295527 0.094112 0.011650 0.950616
1305032355.057739 0.027307 -0.585832 -0.296988 -0.310494 0.086512 -0.000669 0.946630
1305032355.093693 0.029079 -0.602351 -0.297855 -0.319157 0.077034 -0.011631 0.944494
1305032355.126036 0.032456 -0.617548 -0.295669 -0.328057 0.065024 -0.019834 0.942209
1305032355.157776 0.035595 -0.630850 -0.292280 -0.339384 0.051221 -0.024361 0.938936
1305032355.193731 0.040238 -0.641198 -0.286978 -0.351610 0.036546 -0.030309 0.934942
1305032355.226048 0.039715 -0.656427 -0.273651 -0.362164 0.021955 -0.036490 0.931141
1305032355.258300 0.042371 -0.670463 -0.269915 -0.369314 0.003677 -0.039830 0.928443
1305032355.293834 0.046939 -0.685245 -0.258820 -0.373285 -0.015362 -0.041726 0.926651
1305032355.325951 0.052081 -0.692132 -0.253206 -0.376401 -0.034307 -0.042921 0.924826
1305032355.357924 0.059765 -0.702559 -0.242005 -0.382663 -0.050242 -0.042199 0.921555
1305032355.393862 0.067469 -0.711886 -0.232032 -0.384920 -0.067173 -0.044249 0.919438
1305032355.426175 0.076963 -0.717661 -0.224892 -0.383466 -0.081289 -0.050431 0.918587
1305032355.458105 0.085792 -0.727451 -0.214421 -0.383521 -0.093764 -0.055679 0.917071
1305032355.493906 0.096141 -0.731917 -0.200750 -0.379290 -0.109419 -0.056210 0.917064
1305032355.526033 0.101135 -0.741143 -0.201599 -0.375681 -0.122294 -0.058427 0.916785
1305032355.558083 0.115732 -0.744428 -0.195315 -0.372038 -0.135037 -0.057470 0.916542
1305032355.593965 0.128397 -0.749669 -0.190186 -0.371469 -0.144461 -0.057090 0.915359
1305032355.626009 0.151197 -0.744883 -0.172929 -0.366775 -0.153313 -0.056717 0.915836
1305032355.658217 0.165832 -0.757314 -0.161883 -0.364071 -0.157867 -0.058292 0.916042
1305032355.693969 0.176514 -0.771234 -0.154022 -0.360572 -0.165954 -0.058724 0.915969
1305032355.726186 0.195552 -0.770565 -0.150985 -0.353422 -0.174463 -0.056919 0.917287
1305032355.758127 0.221126 -0.772458 -0.141838 -0.346047 -0.180862 -0.053121 0.919086
1305032355.794028 0.220713 -0.801808 -0.168107 -0.348647 -0.174918 -0.055486 0.919114
1305032355.826208 0.241760 -0.805785 -0.130426 -0.345483 -0.175118 -0.055311 0.920280
1305032355.858151 0.266251 -0.804742 -0.113430 -0.321458 -0.174455 -0.064051 0.928508
1305032355.894072 0.301585 -0.809949 -0.130240 -0.304076 -0.176409 -0.073624 0.933272
1305032355.926240 0.287798 -0.835660 -0.168062 -0.303845 -0.169173 -0.083738 0.933835
1305032355.960142 0.293039 -0.843481 -0.191446 -0.307226 -0.166134 -0.081048 0.933511
1305032355.994102 0.300377 -0.848660 -0.197084 -0.318037 -0.162683 -0.075324 0.930974
1305032356.026405 0.309567 -0.846612 -0.184603 -0.327642 -0.168514 -0.064996 0.927378
1305032356.058305 0.316519 -0.859367 -0.172763 -0.332450 -0.179890 -0.056755 0.924064
1305032356.094166 0.329184 -0.852510 -0.167498 -0.326639 -0.193823 -0.049890 0.923716
1305032356.126384 0.351020 -0.848499 -0.173479 -0.324826 -0.203050 -0.048095 0.922467
1305032356.158192 0.367153 -0.848527 -0.173557 -0.326002 -0.216989 -0.053089 0.918597
1305032356.194205 0.376454 -0.849139 -0.156477 -0.324896 -0.225924 -0.065950 0.915998
1305032356.226397 0.400494 -0.831172 -0.129292 -0.310777 -0.237858 -0.076285 0.917072
1305032356.258136 0.398953 -0.830126 -0.120328 -0.298164 -0.247756 -0.084085 0.917957
1305032356.294287 0.397531 -0.836131 -0.151242 -0.292404 -0.245833 -0.085340 0.920208
1305032356.326174 0.413332 -0.826880 -0.148722 -0.289771 -0.250394 -0.082093 0.920107
1305032356.358126 0.409205 -0.808070 -0.134605 -0.281397 -0.257431 -0.074060 0.921444
1305032356.394266 0.411327 -0.790455 -0.118621 -0.265899 -0.269843 -0.066752 0.923053
1305032356.426275 0.420265 -0.791450 -0.118543 -0.249541 -0.275017 -0.063997 0.926283
1305032356.458392 0.431708 -0.783175 -0.109269 -0.234678 -0.282287 -0.065066 0.927905
1305032356.494313 0.432966 -0.776870 -0.097967 -0.221812 -0.286547 -0.064326 0.929813
1305032356.526317 0.457373 -0.778677 -0.076293 -0.209042 -0.290220 -0.070887 0.931154
1305032356.562184 0.464749 -0.775326 -0.072890 -0.194434 -0.287218 -0.078150 0.934662
1305032356.594216 0.469189 -0.773105 -0.072895 -0.183517 -0.284776 -0.090102 0.936539
1305032356.626255 0.478454 -0.800706 -0.062809 -0.185843 -0.281432 -0.100854 0.935995
1305032356.662128 0.479409 -0.763019 -0.072044 -0.171569 -0.276017 -0.105588 0.939803
1305032356.694251 0.479500 -0.745788 -0.072320 -0.160262 -0.272050 -0.103851 0.943144
1305032356.727811 0.484780 -0.747209 -0.074999 -0.154583 -0.268889 -0.101795 0.945220
1305032356.762124 0.491134 -0.718288 -0.075232 -0.141754 -0.265856 -0.096370 0.948651
1305032356.794439 0.499558 -0.713675 -0.073685 -0.135377 -0.263940 -0.096950 0.950057
1305032356.826332 0.507176 -0.679391 -0.070033 -0.121789 -0.264045 -0.086990 0.952827
1305032356.862093 0.513051 -0.655300 -0.079786 -0.107421 -0.264764 -0.077282 0.955190
1305032356.894157 0.527092 -0.636715 -0.070400 -0.102869 -0.269114 -0.070839 0.954975
1305032356.926430 0.535571 -0.606965 -0.070306 -0.099003 -0.271217 -0.059426 0.955567
1305032356.962104 0.536790 -0.582503 -0.072254 -0.097058 -0.274769 -0.046640 0.955461
1305032356.994344 0.551358 -0.562010 -0.063383 -0.096481 -0.280023 -0.033220 0.954555
1305032357.026198 0.553464 -0.555019 -0.065293 -0.097712 -0.282824 -0.024098 0.953878
1305032357.062032 0.556267 -0.527379 -0.059408 -0.090786 -0.288074 -0.013460 0.953200
1305032357.094119 0.562821 -0.502873 -0.053325 -0.084546 -0.296813 -0.004543 0.951175
1305032357.126181 0.564029 -0.499630 -0.049176 -0.081225 -0.305911 0.002852 0.948585
1305032357.162138 0.570906 -0.476163 -0.048659 -0.073852 -0.311025 0.007611 0.947497
1305032357.194135 0.577544 -0.459614 -0.046499 -0.072123 -0.314741 0.011461 0.946364
1305032357.226208 0.574774 -0.455987 -0.040945 -0.066805 -0.320558 0.020411 0.944650
1305032357.262119 0.592753 -0.423511 -0.036694 -0.052806 -0.325521 0.025431 0.943717
1305032357.294359 0.594380 -0.394337 -0.041738 -0.042308 -0.322061 0.032444 0.945217
1305032357.326423 0.609387 -0.386579 -0.040507 -0.040721 -0.322636 0.041759 0.944724
1305032357.362141 0.611732 -0.356997 -0.045051 -0.031968 -0.322682 0.050589 0.944614
1305032357.394180 0.615657 -0.332870 -0.049961 -0.027983 -0.321526 0.054781 0.944900
1305032357.426241 0.611477 -0.310872 -0.056114 -0.030134 -0.318345 0.060169 0.945583
1305032357.462161 0.622541 -0.283448 -0.055753 -0.032015 -0.318990 0.070038 0.944624
1305032357.494175 0.622757 -0.264161 -0.060606 -0.038478 -0.316942 0.077889 0.944458
1305032357.526138 0.627940 -0.248911 -0.064917 -0.045572 -0.314361 0.085934 0.944307
1305032357.562096 0.632695 -0.235520 -0.067396 -0.050382 -0.312163 0.092434 0.944178
1305032357.594163 0.638004 -0.225748 -0.071895 -0.054033 -0.311275 0.096112 0.943902
1305032357.626377 0.639266 -0.203542 -0.077027 -0.056702 -0.309480 0.097580 0.944185
1305032357.662521 0.647748 -0.197963 -0.080532 -0.064418 -0.307639 0.094667 0.944588
1305032357.694376 0.645159 -0.188020 -0.090162 -0.070057 -0.303097 0.094794 0.945642
1305032357.726393 0.647808 -0.177268 -0.092714 -0.074261 -0.298645 0.094690 0.946747
1305032357.762121 0.653864 -0.170922 -0.102750 -0.079954 -0.292782 0.092675 0.948313
1305032357.794161 0.654772 -0.165746 -0.100741 -0.083616 -0.287109 0.090010 0.949987
1305032357.826324 0.658660 -0.155221 -0.107814 -0.085134 -0.282076 0.086663 0.951670
1305032357.862505 0.665033 -0.139441 -0.111397 -0.088597 -0.275022 0.082043 0.953825
1305032357.894124 0.662302 -0.143639 -0.117071 -0.092254 -0.266053 0.079149 0.956264
1305032357.926354 0.663773 -0.143804 -0.125119 -0.090160 -0.256484 0.079751 0.959024
1305032357.962026 0.660612 -0.129685 -0.129637 -0.085746 -0.249979 0.083323 0.960841
1305032357.994307 0.656610 -0.117273 -0.131387 -0.080205 -0.246746 0.082102 0.962259
1305032358.026118 0.654458 -0.108045 -0.129830 -0.072256 -0.243508 0.083938 0.963555
1305032358.062141 0.650094 -0.102470 -0.125696 -0.059966 -0.241149 0.087861 0.964641
1305032358.094314 0.646478 -0.098619 -0.127694 -0.052090 -0.238786 0.088076 0.965666
1305032358.126463 0.635321 -0.097539 -0.118646 -0.037524 -0.239456 0.089316 0.966062
1305032358.162196 0.631151 -0.092027 -0.116447 -0.022870 -0.240103 0.091341 0.966170
1305032358.194216 0.625265 -0.089893 -0.114095 -0.012055 -0.241717 0.090594 0.966033
1305032358.226169 0.610417 -0.092101 -0.105538 0.000854 -0.244228 0.093421 0.965207
1305032358.262242 0.604392 -0.081481 -0.100977 0.014811 -0.248367 0.097947 0.963588
1305032358.294169 0.598432 -0.070748 -0.099273 0.020888 -0.250937 0.100627 0.962532
1305032358.326228 0.584069 -0.078436 -0.090239 0.029737 -0.255713 0.106871 0.960367
1305032358.362036 0.578112 -0.065867 -0.085690 0.037844 -0.260193 0.110948 0.958414
1305032358.394045 0.575256 -0.037696 -0.081033 0.040553 -0.267737 0.115191 0.955721
1305032358.425953 0.566174 -0.047922 -0.073496 0.041892 -0.276750 0.114332 0.953196
1305032358.462021 0.565910 -0.047493 -0.069305 0.046273 -0.284074 0.113560 0.950928
1305032358.494091 0.567858 -0.003311 -0.065987 0.046199 -0.286648 0.115477 0.949928
1305032358.526638 0.570294 0.003682 -0.063500 0.040000 -0.287989 0.115511 0.949800
1305032358.562103 0.571212 0.008777 -0.060729 0.037015 -0.286844 0.115411 0.950279
1305032358.594031 0.570843 0.004875 -0.063509 0.032508 -0.284466 0.117172 0.950943
1305032358.626292 0.574171 0.012080 -0.063009 0.028509 -0.284555 0.116062 0.951181
1305032358.661907 0.572764 0.008227 -0.064700 0.026202 -0.284135 0.114134 0.951606
1305032358.694080 0.572802 0.002786 -0.063653 0.024933 -0.284648 0.115051 0.951377
1305032358.726315 0.570252 -0.000852 -0.068562 0.023709 -0.284358 0.115553 0.951434
1305032358.762028 0.571313 -0.020304 -0.068016 0.024133 -0.286208 0.117263 0.950659
1305032358.794035 0.571929 -0.031829 -0.065321 0.026805 -0.290314 0.116484 0.949437
1305032358.826156 0.572279 -0.033415 -0.065550 0.030357 -0.296835 0.114176 0.947592
1305032358.862241 0.578675 -0.053314 -0.069270 0.032071 -0.304067 0.110321 0.945698
1305032358.894464 0.580624 -0.059873 -0.063145 0.037946 -0.308811 0.108339 0.944171
1305032358.926427 0.584265 -0.065949 -0.068958 0.037936 -0.313017 0.107271 0.942907
1305032358.962241 0.588409 -0.087742 -0.070452 0.034490 -0.317938 0.100782 0.942109
1305032358.994407 0.596989 -0.090775 -0.072384 0.034267 -0.324002 0.096269 0.940522
1305032359.026158 0.610143 -0.100319 -0.076617 0.025522 -0.328651 0.087089 0.940081
1305032359.062253 0.616914 -0.092093 -0.080352 0.019032 -0.329431 0.072225 0.941221
1305032359.094092 0.628156 -0.107838 -0.079391 0.009009 -0.330466 0.062868 0.941679
1305032359.126199 0.639843 -0.125347 -0.083576 -0.001277 -0.329748 0.054908 0.942470
1305032359.162210 0.650409 -0.130567 -0.088246 -0.010415 -0.326142 0.045041 0.944190
1305032359.194261 0.657368 -0.143671 -0.096880 -0.020415 -0.322358 0.035830 0.945719
1305032359.226273 0.683151 -0.204218 -0.095695 -0.042538 -0.321791 0.024795 0.945530
1305032359.262098 0.693812 -0.207898 -0.102932 -0.059525 -0.316332 0.020301 0.946561
1305032359.294269 0.696911 -0.227518 -0.109261 -0.078746 -0.310075 0.012955 0.947357
1305032359.326149 0.704303 -0.252470 -0.112956 -0.093266 -0.307146 0.002119 0.947079
1305032359.362167 0.711058 -0.267434 -0.114452 -0.108165 -0.304485 -0.006331 0.946335
1305032359.394278 0.717813 -0.287871 -0.116550 -0.123536 -0.301497 -0.013205 0.945338
1305032359.426269 0.721130 -0.313533 -0.113683 -0.136840 -0.300301 -0.019771 0.943771
1305032359.462531 0.723532 -0.330231 -0.114428 -0.144332 -0.299324 -0.031501 0.942646
1305032359.494170 0.724129 -0.343049 -0.118623 -0.154628 -0.297465 -0.040817 0.941243
1305032359.526344 0.726674 -0.372870 -0.112526 -0.164758 -0.297874 -0.046505 0.939129
1305032359.561974 0.729560 -0.388663 -0.105667 -0.169792 -0.298557 -0.048726 0.937902
1305032359.593965 0.731692 -0.401551 -0.106214 -0.182247 -0.295750 -0.052128 0.936269
1305032359.626579 0.730095 -0.423140 -0.097980 -0.198871 -0.292030 -0.052777 0.934015
1305032359.662143 0.731687 -0.439115 -0.093658 -0.211960 -0.290418 -0.053100 0.931617
1305032359.694113 0.728565 -0.462987 -0.085567 -0.224929 -0.290174 -0.058296 0.928336
1305032359.727003 0.723167 -0.482118 -0.075583 -0.233335 -0.294630 -0.064193 0.924460
1305032359.762020 0.725595 -0.495812 -0.064337 -0.241776 -0.301178 -0.066932 0.919976
1305032359.794035 0.725796 -0.511535 -0.054587 -0.250259 -0.303089 -0.073277 0.916591
1305032359.826141 0.724829 -0.528465 -0.043348 -0.256453 -0.305219 -0.080500 0.913561
1305032359.861990 0.721330 -0.543150 -0.037760 -0.265285 -0.307082 -0.085479 0.909955
1305032359.894154 0.719232 -0.560379 -0.021848 -0.272682 -0.309459 -0.090962 0.906424
1305032359.926260 0.719908 -0.575896 -0.014302 -0.279757 -0.313592 -0.098520 0.902048
1305032359.962016 0.716062 -0.588544 -0.003007 -0.287317 -0.318459 -0.107145 0.896969
1305032359.994161 0.711961 -0.603579 0.009087 -0.296493 -0.323950 -0.116542 0.890823
1305032360.026214 0.711851 -0.616420 0.014632 -0.307997 -0.329502 -0.128054 0.883272
1305032360.062208 0.707230 -0.627670 0.029658 -0.318660 -0.336032 -0.139128 0.875318
1305032360.094178 0.706351 -0.637899 0.043535 -0.330525 -0.343727 -0.150294 0.866035
1305032360.126153 0.700376 -0.646593 0.057672 -0.340742 -0.351533 -0.160376 0.857087
1305032360.162096 0.695385 -0.654005 0.073112 -0.348936 -0.361481 -0.168655 0.848016
1305032360.194272 0.686363 -0.661251 0.090002 -0.354074 -0.370930 -0.179193 0.839603
1305032360.226425 0.684662 -0.669549 0.108963 -0.358303 -0.380310 -0.188855 0.831455
1305032360.262218 0.675151 -0.675794 0.125382 -0.360433 -0.389472 -0.196319 0.824535
1305032360.294155 0.661205 -0.681864 0.140619 -0.358944 -0.402087 -0.202146 0.817693
1305032360.326447 0.652018 -0.690247 0.165026 -0.353682 -0.416065 -0.209695 0.811065
1305032360.362033 0.639155 -0.700433 0.180662 -0.346901 -0.427488 -0.216288 0.806309
1305032360.394240 0.639368 -0.711718 0.189793 -0.341225 -0.441274 -0.222496 0.799587
1305032360.426246 0.637458 -0.721647 0.205746 -0.338712 -0.453044 -0.232667 0.791133
1305032360.462086 0.623196 -0.732469 0.221024 -0.336548 -0.460213 -0.243871 0.784517
1305032360.494117 0.615522 -0.737566 0.232575 -0.332220 -0.466419 -0.252830 0.779846
1305032360.526058 0.606315 -0.751721 0.245775 -0.329954 -0.472623 -0.260791 0.774433
1305032360.562042 0.586247 -0.758437 0.264918 -0.329266 -0.476990 -0.265533 0.770426
1305032360.594303 0.578221 -0.763403 0.275499 -0.323703 -0.482354 -0.270437 0.767734
1305032360.626168 0.564372 -0.770598 0.287789 -0.316302 -0.489161 -0.277300 0.764054
1305032360.662151 0.545678 -0.776300 0.295831 -0.301800 -0.499476 -0.284115 0.760736
1305032360.694073 0.532730 -0.784992 0.312125 -0.286175 -0.510746 -0.290306 0.756944
1305032360.726267 0.514943 -0.780971 0.312054 -0.264912 -0.518672 -0.295044 0.757463
1305032360.762184 0.503074 -0.788701 0.315301 -0.250879 -0.528312 -0.293837 0.756046
1305032360.794210 0.490983 -0.786252 0.316000 -0.240676 -0.536694 -0.287444 0.755917
1305032360.826192 0.483768 -0.793571 0.319442 -0.237433 -0.544552 -0.277448 0.755057
1305032360.862084 0.483598 -0.803555 0.323227 -0.236633 -0.552049 -0.270478 0.752389
1305032360.894309 0.484988 -0.814613 0.321401 -0.236860 -0.558048 -0.271592 0.747474
1305032360.926229 0.473915 -0.814340 0.332760 -0.234885 -0.564215 -0.278385 0.740940
1305032360.962184 0.456869 -0.802992 0.339600 -0.228544 -0.571185 -0.281129 0.736534
1305032360.994081 0.452623 -0.806090 0.336919 -0.226351 -0.577936 -0.280757 0.732073
1305032361.026412 0.462459 -0.802566 0.343292 -0.229300 -0.585053 -0.280589 0.725538
1305032361.062613 0.458448 -0.800602 0.349941 -0.233166 -0.590316 -0.285151 0.718226
1305032361.094085 0.445833 -0.788911 0.359304 -0.232282 -0.597046 -0.288782 0.711467
1305032361.126224 0.438038 -0.779748 0.369688 -0.223938 -0.606869 -0.290515 0.705098
1305032361.162028 0.435679 -0.768642 0.382080 -0.211746 -0.619452 -0.286524 0.699533
1305032361.194805 0.427188 -0.767011 0.388339 -0.196863 -0.629843 -0.284157 0.695556
1305032361.226328 0.425684 -0.764391 0.392413 -0.181454 -0.637748 -0.280637 0.693970
1305032361.262093 0.433689 -0.758258 0.403068 -0.168487 -0.647663 -0.274811 0.690380
1305032361.294099 0.448043 -0.747384 0.412121 -0.156729 -0.657232 -0.268994 0.686385
1305032361.326219 0.456533 -0.749418 0.388194 -0.153285 -0.658832 -0.268166 0.685953
1305032361.362098 0.467946 -0.735623 0.390801 -0.150619 -0.663669 -0.266802 0.682403
1305032361.394120 0.476965 -0.720121 0.397404 -0.146086 -0.671329 -0.263554 0.677138
1305032361.426392 0.485850 -0.717797 0.399057 -0.145254 -0.675500 -0.267631 0.671547
1305032361.462374 0.499763 -0.696656 0.434451 -0.137734 -0.683833 -0.266145 0.665258
1305032361.494238 0.512741 -0.685887 0.435484 -0.133541 -0.685667 -0.263931 0.665107
1305032361.526056 0.532329 -0.669492 0.474816 -0.127485 -0.695528 -0.261488 0.656973
1305032361.562110 0.544488 -0.649134 0.499230 -0.114751 -0.704853 -0.254948 0.651932
1305032361.594263 0.559312 -0.644018 0.508645 -0.101853 -0.710140 -0.251073 0.649838
1305032361.626125 0.571984 -0.632619 0.517615 -0.090219 -0.713457 -0.246005 0.649862
1305032361.662057 0.584681 -0.624641 0.529384 -0.077915 -0.716289 -0.237801 0.651391
1305032361.694201 0.602915 -0.610038 0.544886 -0.065339 -0.717405 -0.226291 0.655632
1305032361.726243 0.617673 -0.600179 0.549072 -0.056352 -0.716752 -0.214846 0.661009
1305032361.762065 0.621190 -0.654577 0.514917 -0.064989 -0.707112 -0.210366 0.671949
1305032361.793966 0.631892 -0.622192 0.517845 -0.069455 -0.698223 -0.196211 0.684954
1305032361.826451 0.645220 -0.615445 0.528221 -0.076636 -0.691589 -0.188307 0.693089
1305032361.862158 0.661594 -0.599946 0.529495 -0.083621 -0.683901 -0.182723 0.701355
1305032361.894163 0.669118 -0.586701 0.535041 -0.087740 -0.680035 -0.178809 0.705607
1305032361.926270 0.672978 -0.560597 0.544040 -0.089851 -0.677624 -0.171431 0.709481
1305032361.962071 0.675454 -0.534624 0.554547 -0.083265 -0.680436 -0.154014 0.711586
1305032361.994272 0.702080 -0.539239 0.541443 -0.090401 -0.678753 -0.144206 0.714371
1305032362.026445 0.706564 -0.520910 0.539569 -0.095769 -0.676894 -0.145860 0.715100
1305032362.062429 0.701997 -0.500210 0.549586 -0.099217 -0.674286 -0.137734 0.718696
1305032362.094264 0.709436 -0.483282 0.549297 -0.105775 -0.671403 -0.124711 0.722826
1305032362.126366 0.715420 -0.463777 0.569484 -0.110290 -0.671951 -0.111482 0.723802
1305032362.162089 0.722204 -0.441389 0.573568 -0.113500 -0.670597 -0.099696 0.726277
1305032362.194357 0.727960 -0.432839 0.585978 -0.115528 -0.674027 -0.094052 0.723530
1305032362.226182 0.731775 -0.414333 0.589512 -0.116140 -0.675791 -0.087744 0.722579
1305032362.262104 0.737788 -0.398596 0.599529 -0.118747 -0.678097 -0.082998 0.720552
1305032362.294204 0.745335 -0.371121 0.609540 -0.122183 -0.682939 -0.074414 0.716329
1305032362.326223 0.743910 -0.348563 0.619672 -0.120921 -0.687971 -0.067179 0.712434
1305032362.362125 0.748802 -0.329650 0.637916 -0.120848 -0.696442 -0.059305 0.704874
1305032362.396276 0.744283 -0.309910 0.647337 -0.118998 -0.703489 -0.053685 0.698613
1305032362.426284 0.742466 -0.289339 0.658699 -0.114058 -0.710610 -0.046937 0.692692
1305032362.462140 0.743213 -0.270052 0.668397 -0.109689 -0.716048 -0.041314 0.688140
1305032362.494238 0.743439 -0.252643 0.678568 -0.109619 -0.721226 -0.035722 0.683038
1305032362.526267 0.740014 -0.234435 0.688578 -0.106719 -0.726815 -0.032838 0.677696
1305032362.562001 0.739759 -0.218583 0.699251 -0.101606 -0.731159 -0.031178 0.673877
1305032362.594165 0.728811 -0.198810 0.700070 -0.097730 -0.733852 -0.022505 0.671865
1305032362.626096 0.733145 -0.217896 0.666444 -0.100641 -0.730510 -0.020125 0.675146
1305032362.662324 0.732007 -0.197669 0.671635 -0.103949 -0.733039 -0.017055 0.671980
1305032362.694131 0.727100 -0.177459 0.693565 -0.104543 -0.738832 -0.014203 0.665579
1305032362.726009 0.723988 -0.163506 0.687829 -0.108490 -0.741503 -0.011843 0.662014
1305032362.762257 0.715614 -0.147679 0.686649 -0.109881 -0.743594 -0.006686 0.659507
1305032362.794154 0.708638 -0.128230 0.690082 -0.109888 -0.745587 0.002834 0.657280
1305032362.826077 0.705187 -0.115975 0.690729 -0.106936 -0.747040 0.010454 0.656039
1305032362.862131 0.700840 -0.107347 0.690030 -0.105509 -0.747854 0.018379 0.655167
1305032362.894197 0.699300 -0.094136 0.693147 -0.101975 -0.750348 0.024967 0.652652
1305032362.926069 0.697014 -0.084762 0.696048 -0.095027 -0.752614 0.028802 0.650931
1305032362.962141 0.690066 -0.072721 0.700688 -0.088450 -0.752767 0.036186 0.651313
1305032362.994111 0.685917 -0.068879 0.703091 -0.081878 -0.752062 0.048508 0.652185
1305032363.026024 0.684182 -0.062738 0.707458 -0.071596 -0.751205 0.061186 0.653315
1305032363.061883 0.685867 -0.054196 0.710361 -0.062581 -0.747321 0.069076 0.657893
1305032363.094055 0.683798 -0.044545 0.708760 -0.057184 -0.743853 0.084469 0.660513
1305032363.126578 0.682696 -0.036146 0.707681 -0.046597 -0.742448 0.096756 0.661239
1305032363.162144 0.683433 -0.029870 0.707578 -0.039279 -0.740000 0.103321 0.663462
1305032363.194513 0.683624 -0.019185 0.703218 -0.033984 -0.737528 0.113617 0.664822
1305032363.226280 0.683140 -0.011663 0.702169 -0.031108 -0.737209 0.125993 0.663085
1305032363.263114 0.683577 -0.003049 0.702763 -0.027599 -0.737139 0.130747 0.662397
1305032363.294225 0.683253 0.004228 0.701182 -0.021413 -0.737159 0.134028 0.661948
1305032363.326272 0.685103 0.012639 0.699795 -0.018052 -0.734642 0.140038 0.663600
1305032363.361941 0.688770 0.021978 0.700388 -0.016005 -0.729715 0.146872 0.667599
1305032363.394083 0.687107 0.029339 0.698824 -0.014133 -0.726700 0.157638 0.668474
1305032363.426162 0.691575 0.043969 0.699150 -0.014214 -0.725313 0.162604 0.668789
1305032363.462820 0.692771 0.055387 0.703586 -0.014853 -0.723830 0.161551 0.670635
1305032363.494026 0.694520 0.062538 0.702328 -0.015259 -0.722436 0.165105 0.671262
1305032363.526415 0.699251 0.074325 0.700636 -0.021121 -0.721758 0.165328 0.671779
1305032363.562139 0.702373 0.084454 0.700396 -0.029113 -0.721228 0.164190 0.672327
1305032363.594144 0.696580 0.092600 0.704618 -0.035917 -0.722311 0.171732 0.668943
1305032363.626354 0.696358 0.109264 0.703587 -0.037006 -0.723898 0.173323 0.666754
1305032363.662136 0.696313 0.108309 0.709032 -0.043683 -0.726590 0.178250 0.662108
1305032363.694070 0.690661 0.114601 0.711445 -0.043392 -0.730888 0.180709 0.656707
1305032363.726086 0.687008 0.118317 0.715732 -0.041399 -0.735733 0.180579 0.651440
1305032363.762284 0.687902 0.115264 0.719269 -0.035608 -0.738974 0.181544 0.647836
1305032363.794030 0.684908 0.113444 0.727708 -0.031340 -0.740813 0.187545 0.644237
1305032363.826380 0.685972 0.110869 0.734233 -0.023534 -0.740596 0.192873 0.643245
1305032363.862068 0.685531 0.109350 0.739979 -0.016221 -0.739154 0.202219 0.642259
1305032363.894033 0.683734 0.110742 0.744284 -0.010884 -0.739798 0.210065 0.639103
1305032363.926407 0.680729 0.117220 0.747415 -0.007804 -0.743945 0.208835 0.634723
1305032363.962119 0.681563 0.100564 0.755349 0.001801 -0.747750 0.204276 0.631774
1305032363.994050 0.680471 0.101460 0.755740 0.006274 -0.748693 0.205970 0.630076
1305032364.026025 0.681919 0.097347 0.758434 0.008301 -0.750633 0.204525 0.628212
1305032364.062120 0.680538 0.079594 0.772783 0.012096 -0.754331 0.202577 0.624340
1305032364.094057 0.685745 0.078007 0.764486 0.014606 -0.756775 0.203567 0.620998
1305032364.126909 0.682523 0.073176 0.772504 0.014668 -0.761783 0.201400 0.615556
1305032364.162092 0.681568 0.066965 0.767066 0.018318 -0.769081 0.198917 0.607133
1305032364.194217 0.681683 0.063245 0.770708 0.019030 -0.777617 0.190438 0.598901
1305032364.226629 0.682829 0.055517 0.774644 0.017323 -0.787627 0.176655 0.590032
1305032364.262242 0.682408 0.040551 0.778884 0.015969 -0.797579 0.164675 0.580081
1305032364.294072 0.684430 0.028378 0.783394 0.016838 -0.806069 0.152616 0.571558
1305032364.326102 0.688289 0.014292 0.786305 0.014733 -0.814363 0.139217 0.563217
1305032364.362134 0.683589 0.002657 0.794383 0.013946 -0.822502 0.122720 0.555189
1305032364.394077 0.684620 -0.009990 0.799339 0.012205 -0.829427 0.105255 0.548474
1305032364.426015 0.682236 -0.021899 0.806924 0.011108 -0.836887 0.087001 0.540303
1305032364.462091 0.676673 -0.031234 0.816038 0.012444 -0.844532 0.066466 0.531219
1305032364.494035 0.676350 -0.058337 0.820235 0.012401 -0.849425 0.044590 0.525675
1305032364.526202 0.675186 -0.085914 0.827498 0.014490 -0.854459 0.024544 0.518736
1305032364.562323 0.675783 -0.110858 0.834029 0.019032 -0.858166 0.004755 0.512998
1305032364.594171 0.674479 -0.129828 0.847210 0.024434 -0.859588 -0.011886 0.510265
1305032364.626031 0.671429 -0.156364 0.856913 0.026320 -0.860012 -0.025674 0.508948
1305032364.662222 0.670772 -0.182049 0.860183 0.024707 -0.860354 -0.038142 0.507668
1305032364.694036 0.664617 -0.205736 0.874118 0.025532 -0.859983 -0.055762 0.506624
1305032364.726019 0.658109 -0.217482 0.886422 0.024026 -0.859387 -0.071286 0.505761
1305032364.762093 0.651674 -0.228703 0.900660 0.018775 -0.859024 -0.090591 0.503507
1305032364.793964 0.649563 -0.235716 0.896414 0.020203 -0.855049 -0.107519 0.506876
1305032364.826005 0.643784 -0.241948 0.909587 0.023469 -0.853708 -0.115027 0.507346
1305032364.862289 0.649041 -0.252832 0.885818 0.030558 -0.853835 -0.124947 0.504401
1305032364.894665 0.631528 -0.298509 0.916461 -0.029330 0.856849 0.137463 -0.496037
1305032364.926087 0.636732 -0.315579 0.903596 -0.027224 0.855780 0.147291 -0.495181
1305032364.962073 0.630006 -0.311356 0.906891 -0.027405 0.857501 0.153131 -0.490399
1305032364.994009 0.620739 -0.342903 0.902944 -0.024460 0.858735 0.161519 -0.485683
1305032365.026354 0.615378 -0.369587 0.905830 -0.021283 0.859900 0.169092 -0.481172
1305032365.062031 0.604115 -0.387335 0.911120 -0.020288 0.861060 0.176400 -0.476494
1305032365.094068 0.592975 -0.398543 0.913151 -0.022129 0.861600 0.184964 -0.472170
1305032365.126212 0.582605 -0.410151 0.920381 -0.021186 0.862120 0.195542 -0.466973
1305032365.162014 0.573030 -0.424930 0.917679 -0.022555 0.862245 0.207021 -0.461700
1305032365.194029 0.565947 -0.438541 0.920572 -0.028133 0.862783 0.215330 -0.456561
1305032365.226143 0.556378 -0.449960 0.920369 -0.035202 0.863505 0.223808 -0.450589
1305032365.262990 0.545023 -0.463217 0.923682 -0.039758 0.865108 0.231274 -0.443305
1305032365.294066 0.539025 -0.474589 0.926212 -0.040768 0.866457 0.239088 -0.436379
1305032365.326046 0.527481 -0.483020 0.926601 -0.044694 0.867968 0.245149 -0.429576
1305032365.362017 0.519517 -0.490742 0.925274 -0.051106 0.869299 0.249794 -0.423451
1305032365.394019 0.514442 -0.500940 0.933007 -0.053785 0.870257 0.256159 -0.417305
1305032365.426099 0.503731 -0.512269 0.931485 -0.055871 0.871221 0.262567 -0.410988
1305032365.462022 0.501160 -0.511692 0.926118 -0.059805 0.873085 0.265063 -0.404831
1305032365.494036 0.493741 -0.523944 0.928525 -0.058588 0.875568 0.268917 -0.397029
1305032365.526240 0.489914 -0.525995 0.925430 -0.059579 0.877439 0.270911 -0.391354
1305032365.562023 0.485728 -0.532978 0.921728 -0.062145 0.880013 0.270713 -0.385265
1305032365.594024 0.484313 -0.540714 0.923311 -0.064896 0.884109 0.268684 -0.376762
1305032365.626188 0.482138 -0.546607 0.924246 -0.067332 0.887636 0.268218 -0.368277
1305032365.662032 0.479309 -0.552550 0.926342 -0.069555 0.889884 0.269829 -0.361194
1305032365.694005 0.473566 -0.556850 0.928369 -0.070987 0.891653 0.270778 -0.355803
1305032365.726094 0.471839 -0.561450 0.922460 -0.073658 0.894150 0.270142 -0.349419
1305032365.762013 0.468305 -0.566070 0.917492 -0.077103 0.898082 0.266073 -0.341629
1305032365.794129 0.462053 -0.569428 0.925486 -0.077811 0.900746 0.262759 -0.336985
1305032365.826278 0.458795 -0.576541 0.922363 -0.078013 0.902757 0.260628 -0.333191
1305032365.862061 0.454078 -0.579834 0.918306 -0.077905 0.905833 0.254725 -0.329411
1305032365.894133 0.454717 -0.581870 0.911794 -0.074262 0.909110 0.247357 -0.326832
1305032365.930067 0.442422 -0.590761 0.917173 -0.069635 0.912011 0.241282 -0.324299
1305032365.962046 0.435159 -0.592546 0.913748 -0.064045 0.914691 0.233032 -0.323937
1305032365.994060 0.435813 -0.590638 0.905308 -0.058091 0.917497 0.222427 -0.324578
1305032366.030066 0.425164 -0.596992 0.907757 -0.052800 0.920453 0.217205 -0.320625
1305032366.062122 0.411701 -0.607592 0.905935 -0.049496 0.922857 0.209425 -0.319417
1305032366.094052 0.417255 -0.614185 0.914136 -0.044420 0.923059 0.208577 -0.320133
1305032366.130072 0.416730 -0.631300 0.913926 -0.044274 0.920116 0.223632 -0.318458
1305032366.162008 0.403837 -0.630453 0.901634 -0.058833 0.917804 0.231525 -0.317127
1305032366.194013 0.399932 -0.637120 0.891822 -0.075070 0.915666 0.236189 -0.316442
1305032366.230053 0.405659 -0.653428 0.889113 -0.080156 0.913228 0.246647 -0.314252
1305032366.262058 0.400554 -0.665989 0.876858 -0.081894 0.912358 0.256614 -0.308293
1305032366.294059 0.398328 -0.672011 0.867545 -0.080087 0.913113 0.262612 -0.301407
1305032366.330143 0.393581 -0.677728 0.864024 -0.077029 0.912277 0.273091 -0.295361
1305032366.362039 0.385078 -0.688353 0.856631 -0.079584 0.910561 0.282668 -0.290935
1305032366.394005 0.383760 -0.691933 0.846594 -0.084412 0.909570 0.288791 -0.286631
1305032366.430032 0.381003 -0.692824 0.840220 -0.088918 0.908619 0.295151 -0.281763
1305032366.461993 0.374285 -0.700694 0.833904 -0.091225 0.907512 0.303159 -0.276033
1305032366.494101 0.369928 -0.703410 0.820641 -0.095549 0.907795 0.306245 -0.270171
1305032366.530048 0.368339 -0.702235 0.815857 -0.100489 0.908915 0.307548 -0.263038
1305032366.561989 0.364834 -0.704368 0.809143 -0.108240 0.910236 0.309562 -0.252834
1305032366.594003 0.363000 -0.699286 0.805944 -0.112029 0.912747 0.309865 -0.241508
1305032366.630014 0.360857 -0.699566 0.807682 -0.115835 0.914325 0.314384 -0.227497
1305032366.662972 0.358404 -0.697425 0.804157 -0.119394 0.914872 0.320067 -0.215201
1305032366.694106 0.353606 -0.693808 0.799844 -0.123157 0.915466 0.322995 -0.205980
1305032366.730115 0.355584 -0.689446 0.791798 -0.123130 0.917573 0.320656 -0.200196
1305032366.762112 0.351718 -0.686247 0.798327 -0.120118 0.920875 0.318986 -0.189231
1305032366.793956 0.347382 -0.682543 0.800227 -0.116915 0.922948 0.319219 -0.180547
1305032366.830030 0.343925 -0.680415 0.797183 -0.120926 0.924601 0.317902 -0.171546
1305032366.862172 0.339353 -0.678780 0.802588 -0.124316 0.926207 0.316493 -0.162845
1305032366.894254 0.336419 -0.674747 0.811962 -0.125005 0.927562 0.316296 -0.154787
1305032366.929969 0.331204 -0.672477 0.815008 -0.124649 0.928169 0.317863 -0.148083
1305032366.962015 0.330899 -0.670758 0.809232 -0.129342 0.929069 0.315717 -0.142916
1305032366.994018 0.327258 -0.669643 0.811285 -0.130719 0.931996 0.308307 -0.138719
1305032367.030022 0.325582 -0.667301 0.821807 -0.129954 0.934907 0.300652 -0.136633
1305032367.062114 0.323728 -0.666778 0.833215 -0.128098 0.937774 0.292741 -0.135918
1305032367.094130 0.319701 -0.662306 0.843683 -0.125638 0.940763 0.283913 -0.136282
1305032367.130285 0.314468 -0.658294 0.855158 -0.123536 0.943351 0.275476 -0.137627
1305032367.162083 0.308196 -0.653516 0.865822 -0.122234 0.945816 0.266338 -0.139843
1305032367.193961 0.304167 -0.649422 0.882898 -0.121280 0.947292 0.258154 -0.145896
1305032367.230032 0.298363 -0.647158 0.894195 -0.121370 0.948263 0.251159 -0.151610
1305032367.262270 0.294436 -0.635688 0.903132 -0.120560 0.951056 0.238340 -0.155410
1305032367.293982 0.289107 -0.633709 0.927054 -0.119924 0.952233 0.232177 -0.158001
1305032367.330063 0.279908 -0.625057 0.940191 -0.120453 0.952366 0.229730 -0.160355
1305032367.362109 0.274504 -0.621531 0.934508 -0.127245 0.953489 0.218165 -0.164534
1305032367.393996 0.268989 -0.611165 0.948574 -0.130722 0.956068 0.203005 -0.166235
1305032367.430145 0.269479 -0.605351 0.962487 -0.131605 0.957399 0.195283 -0.167130
1305032367.462005 0.268445 -0.600503 0.965074 -0.131723 0.959748 0.183574 -0.166835
1305032367.494767 0.261866 -0.591877 0.973433 -0.130281 0.962987 0.169486 -0.164186
1305032367.530124 0.255617 -0.583639 0.980321 -0.131655 0.965343 0.158856 -0.159824
1305032367.562098 0.251562 -0.576289 0.992097 -0.130853 0.967092 0.151177 -0.157339
1305032367.594518 0.242511 -0.561603 1.006642 -0.128681 0.968402 0.147348 -0.154683
1305032367.629988 0.229102 -0.563415 1.009266 -0.129172 0.969567 0.145016 -0.149082
1305032367.662173 0.219369 -0.556434 1.014648 -0.133024 0.970128 0.140860 -0.145996
1305032367.694493 0.221433 -0.542104 1.018426 -0.136619 0.970159 0.138122 -0.145082
1305032367.730004 0.220271 -0.520805 1.022278 -0.137175 0.971180 0.133565 -0.141961
1305032367.762020 0.213631 -0.514168 1.026595 -0.134814 0.972514 0.130612 -0.137773
1305032367.794824 0.203092 -0.505596 1.033436 -0.131584 0.973855 0.128329 -0.133502
1305032367.829935 0.192457 -0.489985 1.038583 -0.128445 0.975387 0.123739 -0.129659
1305032367.861953 0.182631 -0.482868 1.037491 -0.126514 0.977012 0.118154 -0.124426
1305032367.894023 0.167254 -0.467009 1.048415 -0.124549 0.978757 0.111198 -0.118986
1305032367.930098 0.157889 -0.453830 1.050815 -0.124002 0.979888 0.103258 -0.117390
1305032367.962109 0.148088 -0.441589 1.050247 -0.124794 0.981302 0.093642 -0.112716
1305032367.994871 0.131137 -0.434686 1.047547 -0.126609 0.982898 0.083723 -0.104267
1305032368.030371 0.119082 -0.421386 1.053577 -0.126124 0.984802 0.072909 -0.094558
1305032368.062044 0.106938 -0.409536 1.050267 -0.127054 0.986308 0.060740 -0.085812
1305032368.094693 0.095304 -0.394679 1.052860 -0.127448 0.987785 0.045564 -0.077218
1305032368.129978 0.085605 -0.383717 1.058723 -0.128844 0.988858 0.034079 -0.066309
1305032368.162148 0.078346 -0.368809 1.057184 -0.130070 0.989722 0.020911 -0.055640
1305032368.194071 0.065485 -0.362274 1.066185 -0.130312 0.990467 0.011483 -0.043156
1305032368.230066 0.056124 -0.342034 1.058350 -0.132875 0.990601 -0.003909 -0.032233
1305032368.263367 0.051721 -0.335196 1.072836 -0.133715 0.990634 -0.013184 -0.024306
1305032368.294047 0.047012 -0.319646 1.075144 -0.131413 0.990932 -0.021942 -0.017407
1305032368.330048 0.041004 -0.303838 1.072932 -0.132237 0.990674 -0.030676 -0.011716
1305032368.362001 0.034874 -0.290551 1.074331 -0.134849 0.989951 -0.041478 -0.009628
1305032368.394058 0.036091 -0.284143 1.080160 -0.134606 0.989671 -0.048770 -0.007317
1305032368.430004 0.030382 -0.270610 1.076144 -0.137166 0.989062 -0.054074 -0.004109
1305032368.462392 0.034261 -0.258002 1.065645 -0.144087 0.987676 -0.060874 -0.005472
1305032368.494404 0.027868 -0.237047 1.068800 -0.143464 0.986067 -0.084053 -0.005084
1305032368.529995 0.039775 -0.230128 1.062631 -0.141568 0.984186 -0.106371 -0.004540
1305032368.561932 0.052176 -0.218962 1.075131 -0.142266 0.982540 -0.118876 -0.015593
1305032368.594184 0.045041 -0.191269 1.064653 -0.136534 0.980833 -0.136730 -0.025103
1305032368.629997 0.032856 -0.211558 1.076444 -0.125951 0.980371 -0.148786 -0.029512
1305032368.662766 0.036595 -0.196637 1.086955 -0.113596 0.979530 -0.162260 -0.035885
1305032368.693889 0.025069 -0.172421 1.076233 -0.100173 0.979152 -0.172408 -0.038752
1305032368.730133 -0.001620 -0.160065 1.075745 -0.088425 0.979136 -0.179637 -0.034705
1305032368.762354 -0.013821 -0.145907 1.062412 -0.076109 0.979457 -0.184595 -0.028204
1305032368.794467 -0.017390 -0.137830 1.061444 -0.065674 0.980094 -0.186151 -0.021239
1305032368.830009 -0.029597 -0.114210 1.053979 -0.058533 0.980342 -0.188002 -0.012573
1305032368.862362 -0.039644 -0.114578 1.052716 -0.055326 0.980168 -0.190260 -0.003434
1305032368.894072 -0.038927 -0.097475 1.058841 -0.051673 0.979839 -0.192988 0.000606
1305032368.929945 -0.044739 -0.069155 1.051403 -0.046413 0.978315 -0.201839 0.002409
1305032368.961860 -0.042545 -0.057049 1.054018 -0.039505 0.977182 -0.208671 0.003426
1305032368.993887 -0.040407 -0.078593 1.060980 -0.035018 0.977193 -0.209423 0.003077
1305032369.030203 -0.050638 -0.042561 1.049438 -0.031512 0.974398 -0.222592 0.003011
1305032369.062500 -0.040845 -0.035996 1.064661 -0.021076 0.972442 -0.232189 -0.000401
1305032369.093984 -0.042845 -0.013976 1.049628 -0.014515 0.970896 -0.239034 -0.003665
1305032369.130062 -0.071080 -0.006780 1.028244 -0.008000 0.969556 -0.244729 0.002264
1305032369.162492 -0.076352 -0.011554 1.033336 -0.001520 0.969480 -0.245088 0.006252
1305032369.194412 -0.080346 -0.000472 1.021185 0.000868 0.968983 -0.246949 0.009320
1305032369.230045 -0.087353 0.000154 1.018052 0.004877 0.968897 -0.247001 0.014360
1305032369.262268 -0.084019 -0.002590 1.022775 0.008920 0.968921 -0.246602 0.017314
1305032369.294529 -0.086931 0.012643 1.022671 0.011530 0.968290 -0.248931 0.017768
1305032369.330151 -0.096913 0.017417 1.020302 0.017212 0.967399 -0.251818 0.020733
1305032369.361966 -0.113677 0.022037 1.009515 0.023109 0.965821 -0.256833 0.026333
1305032369.394056 -0.108056 0.004575 1.029584 0.029147 0.963606 -0.264218 0.028332
1305032369.430090 -0.107416 -0.002405 1.033251 0.026677 0.964156 -0.262246 0.030297
1305032369.461995 -0.107963 -0.011013 1.024930 0.028255 0.964758 -0.259379 0.034140
1305032369.493998 -0.105110 -0.004137 1.028167 0.034156 0.964692 -0.258215 0.039088
1305032369.529992 -0.107302 -0.002697 1.025106 0.034904 0.965642 -0.253759 0.043863
1305032369.562004 -0.105796 0.000191 1.026577 0.032468 0.967082 -0.247937 0.047178
1305032369.594020 -0.104453 0.005430 1.032003 0.029393 0.969512 -0.238179 0.049540
1305032369.630023 -0.100819 0.005997 1.026950 0.029207 0.971924 -0.227974 0.050389
1305032369.661969 -0.096608 0.010438 1.029325 0.030538 0.972890 -0.223835 0.049510
1305032369.694099 -0.097048 0.005227 1.037253 0.028050 0.974770 -0.216051 0.048572
1305032369.730198 -0.097571 -0.004809 1.043700 0.022386 0.976241 -0.210328 0.047068
1305032369.762450 -0.087053 0.003431 1.055780 0.017182 0.977438 -0.206227 0.042304
1305032369.794261 -0.078853 0.000783 1.064704 0.013695 0.978720 -0.201520 0.036176
1305032369.830429 -0.086988 0.001969 1.077637 0.008375 0.980252 -0.195153 0.030839
1305032369.862627 -0.085945 0.005265 1.086593 0.004480 0.981693 -0.188923 0.023826
1305032369.894360 -0.085694 0.004859 1.092317 0.001223 0.982919 -0.183372 0.015577
1305032369.930423 -0.083883 0.008895 1.104164 -0.001572 0.983909 -0.178454 0.008653
1305032369.962111 -0.086316 0.009216 1.115466 -0.005680 0.985361 -0.170359 0.003060
1305032369.994395 -0.085258 0.012164 1.116250 -0.008203 0.986544 -0.163282 -0.001440
1305032370.029908 -0.088486 0.012704 1.118880 -0.012399 0.987129 -0.159402 -0.003675
1305032370.062358 -0.082882 0.012065 1.130375 -0.015906 0.987818 -0.154677 -0.006129
1305032370.094132 -0.083720 0.017191 1.140061 -0.016804 0.989079 -0.146242 -0.007251
1305032370.130815 -0.080066 0.019052 1.151081 -0.019358 0.990361 -0.136784 -0.009995
1305032370.164340 -0.078970 0.017398 1.156196 -0.019184 0.991634 -0.127062 -0.012210
1305032370.193920 -0.075097 0.021646 1.169684 -0.019386 0.992375 -0.120726 -0.015550
1305032370.230502 -0.073972 0.026241 1.173866 -0.018662 0.992946 -0.115593 -0.018658
1305032370.262034 -0.069241 0.029483 1.188026 -0.017948 0.993567 -0.109678 -0.021754
1305032370.293927 -0.070402 0.029225 1.192985 -0.018833 0.994271 -0.102674 -0.022972
1305032370.330168 -0.070995 0.032544 1.199185 -0.019534 0.994657 -0.098801 -0.022678
1305032370.362172 -0.069212 0.032645 1.208791 -0.020946 0.995163 -0.093097 -0.023334
1305032370.393973 -0.070758 0.024322 1.211215 -0.023635 0.995567 -0.087381 -0.025536
1305032370.430165 -0.076238 0.026707 1.215163 -0.023074 0.995524 -0.087407 -0.027552
1305032370.462710 -0.073782 0.030465 1.232396 -0.022785 0.995586 -0.085338 -0.031727
1305032370.494212 -0.073487 0.029627 1.238924 -0.024062 0.995733 -0.081657 -0.035629
1305032370.530368 -0.076760 0.028602 1.243685 -0.024784 0.995893 -0.078645 -0.037376
1305032370.562129 -0.074403 0.035885 1.249536 -0.027523 0.996077 -0.073880 -0.040187
1305032370.594668 -0.073605 0.038126 1.253733 -0.032078 0.996494 -0.064277 -0.042886
1305032370.630616 -0.075751 0.037387 1.256008 -0.035802 0.996836 -0.055381 -0.044383
1305032370.662501 -0.076279 0.041303 1.257095 -0.038267 0.996924 -0.049173 -0.047550
1305032370.694752 -0.076696 0.040394 1.264913 -0.042003 0.996827 -0.042069 -0.052925
1305032370.730453 -0.077510 0.039677 1.262759 -0.042311 0.996741 -0.039162 -0.056422
1305032370.762387 -0.079088 0.037309 1.269277 -0.042549 0.996640 -0.036751 -0.059568
1305032370.794212 -0.074454 0.046944 1.274102 -0.044974 0.996412 -0.031762 -0.064275
1305032370.830542 -0.082666 0.011282 1.264997 -0.043762 0.996874 -0.020422 -0.062533
1305032370.862583 -0.088655 0.005006 1.261444 -0.045056 0.997234 -0.015392 -0.057068
1305032370.898506 -0.088468 -0.001259 1.272785 -0.050360 0.997168 -0.006660 -0.055456
1305032370.930659 -0.092298 -0.008089 1.271915 -0.051436 0.997188 0.003773 -0.054367
1305032370.962789 -0.093141 -0.023241 1.271209 -0.055149 0.996917 0.015614 -0.053591
1305032370.998556 -0.098396 -0.024470 1.278897 -0.059738 0.996474 0.026008 -0.052858
1305032371.030832 -0.093351 -0.016725 1.287333 -0.063156 0.995623 0.038748 -0.056961
1305032371.062995 -0.097858 -0.033300 1.286462 -0.062102 0.994752 0.055196 -0.059705
1305032371.098685 -0.110116 -0.057365 1.286339 -0.064297 0.993696 0.068960 -0.060651
1305032371.129946 -0.106784 -0.076554 1.287993 -0.071684 0.991884 0.082492 -0.064988
1305032371.163377 -0.109201 -0.108778 1.295072 -0.078087 0.989762 0.097277 -0.069364
1305032371.199209 -0.131777 -0.148852 1.269898 -0.085205 0.988168 0.106528 -0.070120
1305032371.231556 -0.143920 -0.183125 1.259354 -0.097240 0.986752 0.110126 -0.068823
1305032371.263086 -0.145530 -0.206851 1.261530 -0.108544 0.985022 0.114247 -0.069981
1305032371.298863 -0.140431 -0.234075 1.254334 -0.118590 0.983055 0.119821 -0.071990
1305032371.331299 -0.143903 -0.267104 1.247147 -0.128029 0.981422 0.125241 -0.068806
1305032371.362286 -0.143021 -0.297672 1.250577 -0.140955 0.979167 0.131524 -0.063751
1305032371.399014 -0.144985 -0.310394 1.254939 -0.152438 0.976898 0.137501 -0.059390
1305032371.429986 -0.151539 -0.341152 1.256178 -0.162934 0.973838 0.148920 -0.053993
1305032371.461990 -0.155686 -0.367766 1.249249 -0.174362 0.970136 0.161236 -0.049358
1305032371.500350 -0.155676 -0.382160 1.246376 -0.184490 0.966481 0.172624 -0.045588
1305032371.530042 -0.161680 -0.410101 1.235479 -0.194510 0.961972 0.187658 -0.039505
1305032371.563010 -0.164984 -0.437349 1.221523 -0.209024 0.956178 0.202165 -0.034101
1305032371.594822 -0.171651 -0.454281 1.210532 -0.219555 0.951499 0.213590 -0.028715
1305032371.629962 -0.175658 -0.470241 1.200344 -0.226166 0.947584 0.224463 -0.023443
1305032371.661896 -0.172336 -0.488950 1.181390 -0.231465 0.943608 0.235929 -0.019124
1305032371.698063 -0.182080 -0.507598 1.163764 -0.242337 0.938629 0.245224 -0.010670
1305032371.730032 -0.190577 -0.524110 1.156645 -0.253090 0.933356 0.254481 -0.005625
1305032371.763070 -0.196411 -0.539866 1.144905 -0.259155 0.928244 0.266826 -0.002421
1305032371.798758 -0.204261 -0.546338 1.120175 -0.260927 0.925853 0.273335 0.000496
1305032371.830599 -0.204651 -0.560566 1.098071 -0.259340 0.924097 0.280661 0.003983
1305032371.862968 -0.215172 -0.582202 1.067700 -0.258356 0.922915 0.285094 0.014187
1305032371.898642 -0.229719 -0.588714 1.058494 -0.263474 0.920959 0.285718 0.027952
1305032371.930870 -0.238604 -0.608034 1.036287 -0.271508 0.916797 0.290211 0.039299
1305032371.961821 -0.246552 -0.628598 1.009698 -0.281938 0.912037 0.293436 0.050933
1305032371.998991 -0.245679 -0.642296 0.986824 -0.291643 0.908324 0.293622 0.060643
1305032372.030846 -0.254301 -0.661960 0.962295 -0.300001 0.904944 0.292955 0.072475
1305032372.061897 -0.257138 -0.674557 0.940812 -0.311085 0.901172 0.290461 0.082140
1305032372.098230 -0.257467 -0.685867 0.929179 -0.321041 0.897050 0.290798 0.087579
1305032372.129933 -0.263766 -0.698272 0.903145 -0.329800 0.893188 0.290173 0.096158
1305032372.166136 -0.256293 -0.708503 0.877536 -0.340124 0.889804 0.284082 0.108911
1305032372.198088 -0.252821 -0.718565 0.861350 -0.349346 0.886065 0.278969 0.122568
1305032372.230035 -0.242738 -0.730093 0.840931 -0.359354 0.881453 0.274861 0.135484
1305032372.266118 -0.236082 -0.733572 0.824181 -0.367622 0.877750 0.268630 0.149152
1305032372.297778 -0.233197 -0.742420 0.810976 -0.375186 0.872934 0.265842 0.162941
1305032372.329863 -0.222718 -0.751736 0.798122 -0.387003 0.866304 0.263626 0.173918
1305032372.366255 -0.213828 -0.758052 0.785246 -0.398946 0.860200 0.261547 0.180253
1305032372.398316 -0.206215 -0.764290 0.772286 -0.408745 0.854942 0.260948 0.184143
1305032372.430828 -0.195047 -0.771483 0.763797 -0.416593 0.849997 0.261609 0.188457
1305032372.466062 -0.185764 -0.776581 0.757571 -0.424067 0.844475 0.264987 0.191863
1305032372.498126 -0.172062 -0.781443 0.745909 -0.433956 0.837572 0.269145 0.194207
1305032372.530471 -0.155525 -0.783144 0.727043 -0.441807 0.832882 0.267103 0.199425
1305032372.565932 -0.144004 -0.790609 0.726189 -0.445021 0.829950 0.266646 0.205034
1305032372.597830 -0.131246 -0.800207 0.719887 -0.450828 0.824292 0.271393 0.208908
1305032372.629940 -0.115532 -0.803410 0.705429 -0.455936 0.820489 0.273055 0.210619
1305032372.664099 -0.103220 -0.811481 0.698158 -0.458909 0.817930 0.273579 0.213419
1305032372.698677 -0.091990 -0.814733 0.694126 -0.461564 0.814847 0.274973 0.217651
1305032372.729773 -0.081244 -0.818540 0.683532 -0.464968 0.810232 0.276011 0.226156
1305032372.766495 -0.068813 -0.822588 0.677218 -0.467611 0.806799 0.274676 0.234453
1305032372.797977 -0.056922 -0.829225 0.667136 -0.466491 0.805638 0.272362 0.243212
1305032372.831419 -0.046554 -0.827278 0.659024 -0.462325 0.807760 0.264056 0.253090
1305032372.866951 -0.036373 -0.839270 0.648337 -0.457017 0.808778 0.259333 0.264122
1305032372.898820 -0.026469 -0.841439 0.646957 -0.452211 0.809911 0.254721 0.273252
1305032372.930434 -0.017342 -0.846604 0.636421 -0.446841 0.810310 0.251414 0.283763
1305032372.966593 -0.010328 -0.856627 0.630329 -0.441803 0.809017 0.251055 0.295420
1305032372.998908 -0.010135 -0.853128 0.625068 -0.438410 0.805660 0.251289 0.309131
1305032373.030602 0.000971 -0.852079 0.619552 -0.440293 0.798659 0.252990 0.322928
1305032373.066888 0.004558 -0.852807 0.614708 -0.441148 0.792968 0.256612 0.332775
1305032373.099756 0.006869 -0.848341 0.613773 -0.440159 0.787716 0.266149 0.339011
1305032373.129982 0.011353 -0.841326 0.609189 -0.439068 0.781483 0.277628 0.345580
1305032373.166370 0.015573 -0.835775 0.603726 -0.440867 0.772341 0.289237 0.354216
1305032373.198396 0.022347 -0.831782 0.593714 -0.446255 0.761573 0.298615 0.362893
1305032373.230473 0.027182 -0.824958 0.588183 -0.450401 0.753596 0.306609 0.367727
1305032373.266720 0.033155 -0.817750 0.583809 -0.454442 0.745645 0.313961 0.372725
1305032373.298826 0.040129 -0.810732 0.580225 -0.457043 0.737943 0.321811 0.378140
1305032373.331205 0.049368 -0.804624 0.576677 -0.456226 0.732596 0.327829 0.384304
1305032373.366852 0.053403 -0.802256 0.570717 -0.452354 0.728441 0.334528 0.390949
1305032373.399036 0.058838 -0.799257 0.565252 -0.451338 0.723000 0.341152 0.396458
1305032373.434600 0.067319 -0.796984 0.557074 -0.451789 0.717632 0.343403 0.403691
1305032373.465600 0.071554 -0.798006 0.555185 -0.449161 0.715237 0.347399 0.407436
1305032373.498931 0.074180 -0.795281 0.553659 -0.444360 0.713776 0.353222 0.410246
1305032373.534642 0.077042 -0.795390 0.546550 -0.440152 0.710477 0.359576 0.414963
1305032373.566765 0.079329 -0.794175 0.541399 -0.438320 0.707750 0.364303 0.417431
1305032373.598768 0.082988 -0.794803 0.533610 -0.437943 0.704635 0.369500 0.418528
1305032373.637020 0.082293 -0.792248 0.525491 -0.439038 0.703557 0.370726 0.418109
1305032373.664564 0.085454 -0.789553 0.516734 -0.440665 0.705552 0.367397 0.415970
1305032373.697902 0.089449 -0.790301 0.514198 -0.441650 0.708413 0.362824 0.414071
1305032373.734487 0.092536 -0.792440 0.514335 -0.442528 0.710174 0.360094 0.412498
1305032373.766407 0.094150 -0.787897 0.515047 -0.436760 0.715008 0.353149 0.416281
1305032373.795810 0.096272 -0.793146 0.523841 -0.431429 0.716329 0.355126 0.417884
1305032373.834900 0.082051 -0.794844 0.521629 -0.431688 0.712083 0.357961 0.422430
1305032373.867214 0.076865 -0.791290 0.511990 -0.431585 0.712141 0.353486 0.426188
1305032373.899236 0.070533 -0.797770 0.509974 -0.432056 0.715672 0.347150 0.425003
1305032373.935042 0.060420 -0.797898 0.517398 -0.433635 0.719706 0.340174 0.422215
1305032373.966997 0.054484 -0.800141 0.520209 -0.434513 0.721188 0.333433 0.424157
1305032373.999161 0.045364 -0.805586 0.522660 -0.432936 0.724416 0.327102 0.425198
1305032374.031130 0.029564 -0.806792 0.526725 -0.434325 0.726650 0.319040 0.426093
1305032374.066694 0.018381 -0.808822 0.526578 -0.440665 0.728543 0.307243 0.425019
1305032374.098892 0.006258 -0.811231 0.531776 -0.445815 0.730486 0.292868 0.426460
1305032374.134638 -0.005995 -0.812402 0.543648 -0.447830 0.732376 0.281454 0.428786
1305032374.165244 -0.024199 -0.812016 0.548973 -0.442179 0.737545 0.272684 0.431449
1305032374.198898 -0.041048 -0.810650 0.557347 -0.435439 0.740860 0.265112 0.437305
1305032374.234560 -0.059584 -0.805078 0.566338 -0.429498 0.741271 0.256873 0.447286
1305032374.266147 -0.079321 -0.801831 0.569321 -0.420538 0.742665 0.250422 0.457040
1305032374.294938 -0.106927 -0.795263 0.581388 -0.413410 0.742418 0.246040 0.466231
1305032374.334742 -0.125960 -0.787974 0.578423 -0.407619 0.740516 0.239311 0.477716
1305032374.364901 -0.146672 -0.778952 0.577074 -0.400749 0.739387 0.227297 0.490961
1305032374.399115 -0.173333 -0.770014 0.581988 -0.394040 0.737709 0.210767 0.506058
1305032374.434908 -0.208093 -0.759656 0.583682 -0.385650 0.736117 0.197434 0.520025
1305032374.465685 -0.235409 -0.749996 0.580067 -0.377416 0.736176 0.189291 0.528934
1305032374.498699 -0.262524 -0.729789 0.579017 -0.364079 0.738237 0.176766 0.539636
1305032374.534396 -0.307547 -0.714582 0.583887 -0.351352 0.738181 0.170608 0.550031
1305032374.565590 -0.340930 -0.705905 0.586437 -0.343171 0.740234 0.169852 0.552664
1305032374.594126 -0.370726 -0.692960 0.573823 -0.333877 0.744917 0.170339 0.551914
1305032374.634435 -0.395882 -0.683859 0.567627 -0.328194 0.748635 0.167586 0.551135
1305032374.666012 -0.421372 -0.669009 0.563486 -0.317893 0.752816 0.160399 0.553611
1305032374.693998 -0.453392 -0.653520 0.556494 -0.304492 0.757864 0.153407 0.556231
1305032374.733801 -0.483689 -0.643902 0.558453 -0.293014 0.764513 0.151676 0.553766
1305032374.764270 -0.503739 -0.626140 0.548912 -0.279594 0.769739 0.144947 0.555265
1305032374.794088 -0.531411 -0.611536 0.546171 -0.270816 0.775060 0.134855 0.554757
1305032374.833035 -0.558034 -0.595572 0.551313 -0.264694 0.779995 0.130294 0.551877
1305032374.865378 -0.579706 -0.575424 0.550545 -0.257394 0.783723 0.125479 0.551164
1305032374.893927 -0.602929 -0.556671 0.550553 -0.250456 0.788077 0.124535 0.548359
1305032374.934044 -0.619884 -0.541061 0.545531 -0.246536 0.791841 0.123562 0.544922
1305032374.963025 -0.639284 -0.519144 0.546454 -0.234829 0.797391 0.124417 0.541796
1305032374.994296 -0.656958 -0.501022 0.546647 -0.224681 0.802197 0.133059 0.536930
1305032375.033877 -0.671508 -0.488337 0.539974 -0.213247 0.807203 0.142879 0.531540
1305032375.063183 -0.687522 -0.467852 0.536755 -0.201876 0.812732 0.147387 0.526297
1305032375.093980 -0.702554 -0.449447 0.534399 -0.194342 0.817677 0.153549 0.519671
1305032375.133595 -0.709722 -0.438565 0.535602 -0.189612 0.821805 0.155661 0.514250
1305032375.165413 -0.721991 -0.424425 0.530441 -0.185532 0.825286 0.146899 0.512740
1305032375.193974 -0.728427 -0.408808 0.532373 -0.182429 0.830415 0.135334 0.508739
1305032375.233686 -0.738812 -0.393617 0.536683 -0.181711 0.833310 0.126344 0.506570
1305032375.266159 -0.743748 -0.378058 0.538712 -0.178763 0.836157 0.117867 0.504968
1305032375.301758 -0.751188 -0.363214 0.545574 -0.174975 0.837477 0.112228 0.505392
1305032375.333721 -0.758501 -0.352017 0.545529 -0.172231 0.836839 0.108453 0.508208
1305032375.365860 -0.761073 -0.341253 0.548877 -0.169647 0.836703 0.101832 0.510665
1305032375.401985 -0.761438 -0.335515 0.551758 -0.164260 0.834248 0.092921 0.518087
1305032375.434217 -0.766301 -0.317119 0.550661 -0.157771 0.830530 0.076039 0.528722
1305032375.465834 -0.767425 -0.308317 0.556031 -0.155111 0.827075 0.066490 0.536159
1305032375.499837 -0.768365 -0.304177 0.557481 -0.152638 0.823136 0.055800 0.544092
1305032375.532916 -0.766882 -0.291558 0.558047 -0.144845 0.820574 0.041461 0.551326
1305032375.564725 -0.770134 -0.282933 0.563858 -0.137192 0.818410 0.034784 0.556932
1305032375.601458 -0.771756 -0.270716 0.561491 -0.130655 0.815306 0.028392 0.563382
1305032375.633354 -0.773026 -0.261570 0.561192 -0.128797 0.813747 0.021944 0.566345
1305032375.665617 -0.775180 -0.253320 0.559984 -0.122882 0.813385 0.016071 0.568372
1305032375.701017 -0.779900 -0.245641 0.557301 -0.115866 0.814389 0.009642 0.568553
1305032375.733414 -0.785827 -0.231661 0.551302 -0.109178 0.814219 0.008499 0.570137
1305032375.765442 -0.789571 -0.221795 0.548385 -0.107271 0.814086 0.005812 0.570721
1305032375.801321 -0.790222 -0.210183 0.543461 -0.103331 0.813618 0.002000 0.572140
1305032375.833190 -0.796245 -0.200523 0.538491 -0.099387 0.813276 -0.000768 0.573328
1305032375.862014 -0.797346 -0.187472 0.533300 -0.093811 0.813221 -0.004872 0.574324
1305032375.901630 -0.804341 -0.180757 0.530055 -0.083860 0.812363 -0.010946 0.576987
1305032375.933396 -0.808388 -0.167984 0.526976 -0.069651 0.810247 -0.017594 0.581669
1305032375.961907 -0.816865 -0.155733 0.525548 -0.060942 0.808318 -0.016654 0.585347
1305032375.998887 -0.817593 -0.141935 0.518551 -0.052609 0.806180 -0.017834 0.589058
1305032376.032860 -0.824114 -0.131419 0.513702 -0.038267 0.804192 -0.017416 0.592881
1305032376.061932 -0.836834 -0.113252 0.508177 -0.026751 0.804456 -0.014741 0.593226
1305032376.102161 -0.843316 -0.101267 0.501095 -0.020883 0.805802 -0.011431 0.591706
1305032376.133711 -0.848721 -0.094502 0.500880 -0.013274 0.806896 -0.009123 0.590473
1305032376.162024 -0.858628 -0.081609 0.493741 -0.005429 0.807395 -0.007235 0.589942
1305032376.199867 -0.866173 -0.066990 0.488454 -0.001507 0.809914 -0.005423 0.586521
1305032376.230456 -0.869832 -0.060315 0.488136 0.004368 0.812759 -0.003264 0.582574
1305032376.261897 -0.878591 -0.048615 0.488677 0.013641 0.814500 0.000242 0.580003
1305032376.301905 -0.886361 -0.036191 0.484530 0.012309 0.816016 0.003890 0.577885
1305032376.333850 -0.884576 -0.031261 0.486936 0.014798 0.817647 0.005986 0.575498
1305032376.362196 -0.889119 -0.021590 0.485533 0.020563 0.817670 0.008960 0.575250
1305032376.401623 -0.888276 -0.016697 0.484881 0.023954 0.818370 0.008373 0.574131
1305032376.433420 -0.891697 -0.011303 0.484398 0.031164 0.818725 0.006620 0.573301
1305032376.461966 -0.887695 -0.005460 0.482961 0.041202 0.819235 0.002763 0.571970
1305032376.502252 -0.888980 -0.000437 0.482506 0.054078 0.820956 -0.002902 0.568417
1305032376.534217 -0.891623 0.005639 0.482788 0.067919 0.821986 -0.010259 0.565350
1305032376.562020 -0.893979 0.013443 0.487662 0.077014 0.821857 -0.018500 0.564160
1305032376.601916 -0.890978 0.020930 0.489217 0.082192 0.821600 -0.026081 0.563505
1305032376.633870 -0.892785 0.031725 0.490485 0.091416 0.820473 -0.033985 0.563304
1305032376.662225 -0.891653 0.043234 0.494920 0.098561 0.819055 -0.039144 0.563828
1305032376.702073 -0.892034 0.051161 0.498604 0.100830 0.817411 -0.042428 0.565572
1305032376.734273 -0.889745 0.059090 0.501638 0.104933 0.815492 -0.045491 0.567356
1305032376.761981 -0.888451 0.068864 0.503042 0.109192 0.812566 -0.047890 0.570544
1305032376.802316 -0.889948 0.079063 0.503348 0.109968 0.810765 -0.051765 0.572615
1305032376.833971 -0.884827 0.087520 0.503462 0.112669 0.809572 -0.055609 0.573416
1305032376.861992 -0.880571 0.097498 0.504760 0.117710 0.807487 -0.059660 0.574934
1305032376.901902 -0.881005 0.108498 0.503592 0.119338 0.806605 -0.061871 0.575603
1305032376.933566 -0.875146 0.113622 0.503911 0.120629 0.806091 -0.063880 0.575835
1305032376.961961 -0.868532 0.119467 0.499771 0.124383 0.803884 -0.068738 0.577560
1305032376.999109 -0.868781 0.127828 0.502109 0.127529 0.803347 -0.074840 0.576861
1305032377.033968 -0.866059 0.134708 0.499711 0.130001 0.802592 -0.078524 0.576871
1305032377.062278 -0.860870 0.138858 0.500432 0.134012 0.800323 -0.081529 0.578686
1305032377.102624 -0.860859 0.146764 0.498762 0.137874 0.797930 -0.085118 0.580563
1305032377.129944 -0.856369 0.153166 0.497262 0.138293 0.797447 -0.084244 0.581254
1305032377.161952 -0.853642 0.157067 0.495341 0.139499 0.796060 -0.083338 0.582995
1305032377.201774 -0.852172 0.162103 0.495754 0.139493 0.795455 -0.081020 0.584148
1305032377.229977 -0.850625 0.163046 0.493818 0.138161 0.795979 -0.079235 0.583995
1305032377.261926 -0.846874 0.163498 0.493751 0.142632 0.794359 -0.079380 0.585105
1305032377.302313 -0.848306 0.162871 0.493595 0.142622 0.792893 -0.078685 0.587187
1305032377.330085 -0.844694 0.164211 0.493506 0.138442 0.792977 -0.076013 0.588425
1305032377.362122 -0.845666 0.159093 0.491832 0.135955 0.791367 -0.074501 0.591358
1305032377.401791 -0.843182 0.152883 0.493892 0.134262 0.790089 -0.073345 0.593594
1305032377.430000 -0.843564 0.144892 0.490196 0.127307 0.790245 -0.070829 0.595222
1305032377.461954 -0.841489 0.130838 0.490520 0.121917 0.790061 -0.069836 0.596710
1305032377.501541 -0.845752 0.121881 0.488296 0.118322 0.788560 -0.069280 0.599478
1305032377.530127 -0.839650 0.112080 0.486130 0.110501 0.789548 -0.068322 0.599779
1305032377.562030 -0.843985 0.091421 0.487935 0.102074 0.789794 -0.065827 0.601226
1305032377.602337 -0.843174 0.075589 0.483856 0.095041 0.787763 -0.064098 0.605217
1305032377.630198 -0.842760 0.059964 0.479199 0.085928 0.788054 -0.061461 0.606473
1305032377.662079 -0.843932 0.042508 0.476995 0.075084 0.788782 -0.057583 0.607347
1305032377.701676 -0.840194 0.016408 0.472520 0.064292 0.787714 -0.055626 0.610147
1305032377.730022 -0.843428 0.001054 0.465019 0.052308 0.786918 -0.053359 0.612517
1305032377.762107 -0.838471 -0.019638 0.459724 0.039885 0.787526 -0.050975 0.612874
1305032377.801528 -0.834636 -0.041820 0.458238 0.029786 0.786937 -0.050169 0.614269
1305032377.829990 -0.834359 -0.057311 0.448984 0.018923 0.786053 -0.048418 0.615970
1305032377.862016 -0.828296 -0.077589 0.442136 0.005233 0.786069 -0.045426 0.616445
1305032377.901222 -0.822536 -0.097013 0.440775 -0.008695 0.784858 -0.042976 0.618123
1305032377.929945 -0.824627 -0.115996 0.431856 -0.021585 0.782601 -0.039996 0.620863
1305032377.962041 -0.819298 -0.136550 0.423424 -0.035850 0.780850 -0.034434 0.622738
1305032378.001490 -0.814244 -0.160596 0.421072 -0.050513 0.779156 -0.030182 0.624062
1305032378.030011 -0.807264 -0.177414 0.411051 -0.064269 0.775367 -0.028648 0.627578
1305032378.062184 -0.804932 -0.193654 0.403454 -0.080644 0.773181 -0.026402 0.628483
1305032378.101402 -0.800089 -0.212352 0.395533 -0.093351 0.771781 -0.019951 0.628683
1305032378.130166 -0.790330 -0.236431 0.391673 -0.103456 0.770023 -0.019140 0.629281
1305032378.162063 -0.785204 -0.251532 0.387485 -0.111417 0.766846 -0.017789 0.631836
1305032378.201701 -0.778051 -0.270145 0.378618 -0.122617 0.761390 -0.014196 0.636434
1305032378.230090 -0.770466 -0.284737 0.374842 -0.135015 0.756779 -0.012010 0.639463
1305032378.262060 -0.759333 -0.299305 0.367350 -0.148337 0.749023 -0.007991 0.645675
1305032378.297958 -0.744894 -0.317036 0.360057 -0.160045 0.739946 -0.002891 0.653342
1305032378.330021 -0.732654 -0.330646 0.350783 -0.171551 0.729284 -0.000269 0.662355
1305032378.362038 -0.728588 -0.341222 0.340329 -0.188664 0.718996 0.004600 0.668902
1305032378.398026 -0.719570 -0.357696 0.330336 -0.206539 0.708695 0.014558 0.674449
1305032378.430058 -0.711310 -0.373881 0.322551 -0.221923 0.699960 0.026233 0.678320
1305032378.462047 -0.705748 -0.390079 0.317323 -0.235853 0.691456 0.035881 0.681891
1305032378.497867 -0.695190 -0.414471 0.312689 -0.256145 0.681138 0.041713 0.684618
1305032378.530157 -0.683328 -0.436820 0.310846 -0.273855 0.669922 0.040424 0.688893
1305032378.562081 -0.673699 -0.455341 0.305032 -0.289929 0.657992 0.037851 0.693942
1305032378.597959 -0.663879 -0.475498 0.302196 -0.308109 0.647932 0.038958 0.695511
1305032378.630158 -0.654305 -0.496298 0.298363 -0.326164 0.637803 0.043243 0.696387
1305032378.661960 -0.642763 -0.517909 0.297202 -0.345824 0.629931 0.048708 0.693701
1305032378.698231 -0.622476 -0.541616 0.300880 -0.361589 0.624441 0.051945 0.690383
1305032378.730042 -0.609364 -0.562507 0.303536 -0.367886 0.620528 0.053857 0.690438
1305032378.761985 -0.599022 -0.580841 0.305579 -0.370148 0.618013 0.058341 0.691120
1305032378.797887 -0.583005 -0.599557 0.309073 -0.370387 0.615298 0.061036 0.693179
1305032378.830168 -0.572366 -0.615857 0.311975 -0.368939 0.612848 0.061356 0.696086
1305032378.862028 -0.564505 -0.627874 0.318643 -0.370388 0.609488 0.062245 0.698185
1305032378.897945 -0.550117 -0.643067 0.325120 -0.372930 0.600950 0.058457 0.704532
1305032378.930160 -0.539988 -0.649967 0.328036 -0.377660 0.587423 0.047459 0.714181
1305032378.962166 -0.527897 -0.660536 0.331946 -0.387155 0.572459 0.034842 0.721933
1305032378.997991 -0.513310 -0.667624 0.332612 -0.398042 0.556898 0.018774 0.728749
1305032379.030183 -0.508148 -0.672942 0.336084 -0.407387 0.547512 0.008518 0.730886
1305032379.062055 -0.495385 -0.676997 0.339312 -0.417480 0.540922 0.009986 0.730078
1305032379.098076 -0.483311 -0.682518 0.339025 -0.421105 0.537914 0.015135 0.730130
1305032379.130109 -0.471254 -0.689813 0.337876 -0.420814 0.537745 0.026138 0.730111
1305032379.162033 -0.456993 -0.698699 0.336679 -0.421756 0.539284 0.040374 0.727781
1305032379.198104 -0.441429 -0.708459 0.335693 -0.424806 0.541770 0.055147 0.723176
1305032379.230194 -0.426482 -0.719606 0.339974 -0.426157 0.543607 0.062228 0.720423
1305032379.262091 -0.413741 -0.728415 0.342767 -0.422901 0.544908 0.066439 0.720982
1305032379.298124 -0.401154 -0.739326 0.349219 -0.421747 0.543246 0.068343 0.722733
1305032379.330184 -0.389073 -0.748440 0.353653 -0.420305 0.536381 0.062621 0.729190
1305032379.362135 -0.375712 -0.758151 0.353504 -0.421012 0.526524 0.048826 0.736979
1305032379.398082 -0.365219 -0.769163 0.354994 -0.424370 0.519277 0.036221 0.740911
1305032379.430183 -0.354584 -0.773352 0.358469 -0.430925 0.512630 0.026338 0.742173
1305032379.462019 -0.346102 -0.776576 0.365024 -0.436905 0.506109 0.016559 0.743434
1305032379.498116 -0.332570 -0.780743 0.372436 -0.440014 0.497051 0.003453 0.747874
1305032379.530134 -0.320263 -0.774565 0.383193 -0.436379 0.482973 -0.011275 0.759067
1305032379.562170 -0.318119 -0.782589 0.383598 -0.431307 0.469044 -0.019532 0.770448
1305032379.598236 -0.312811 -0.785577 0.388890 -0.426587 0.461569 -0.020829 0.777524
1305032379.630200 -0.307772 -0.787839 0.387341 -0.423905 0.455199 -0.020046 0.782750
1305032379.662215 -0.306274 -0.789088 0.387343 -0.421269 0.452394 -0.022152 0.785736
1305032379.698218 -0.302496 -0.792340 0.377533 -0.424118 0.447530 -0.027426 0.786822
1305032379.730243 -0.306066 -0.791901 0.377219 -0.427438 0.444178 -0.038749 0.786448
1305032379.762529 -0.312379 -0.802206 0.364096 -0.431932 0.443165 -0.047207 0.784099
1305032379.798231 -0.311551 -0.806677 0.344510 -0.439365 0.446126 -0.048307 0.778201
1305032379.830305 -0.316389 -0.810245 0.332325 -0.446911 0.449178 -0.046494 0.772236
1305032379.862243 -0.316764 -0.807929 0.320846 -0.453461 0.450312 -0.044805 0.767845
1305032379.898138 -0.320170 -0.812919 0.306964 -0.458612 0.451269 -0.041968 0.764376
1305032379.930293 -0.319577 -0.814781 0.295784 -0.463772 0.452640 -0.039150 0.760592
1305032379.962343 -0.321068 -0.815441 0.284861 -0.467469 0.455124 -0.040372 0.756772
1305032379.998300 -0.324713 -0.815491 0.273335 -0.470327 0.459316 -0.039600 0.752498
1305032380.030360 -0.326392 -0.813455 0.267171 -0.474664 0.461589 -0.039041 0.748402
1305032380.062398 -0.329824 -0.811604 0.259654 -0.476664 0.462660 -0.039531 0.746441
1305032380.098304 -0.333857 -0.803496 0.256014 -0.477318 0.462091 -0.038720 0.746418
1305032380.130311 -0.337028 -0.798995 0.251729 -0.477120 0.458439 -0.038268 0.748816
1305032380.162318 -0.338876 -0.794474 0.247673 -0.475528 0.451763 -0.041040 0.753723
1305032380.198396 -0.341786 -0.786034 0.244946 -0.470426 0.444735 -0.046950 0.760727
1305032380.230356 -0.344166 -0.781179 0.237874 -0.465078 0.439524 -0.051105 0.766753
1305032380.262393 -0.347326 -0.771492 0.234572 -0.457442 0.438047 -0.052652 0.772069
1305032380.298557 -0.352565 -0.762352 0.228272 -0.447452 0.438102 -0.045549 0.778318
1305032380.330519 -0.354921 -0.754171 0.220946 -0.439421 0.438818 -0.031488 0.783170
1305032380.362378 -0.356255 -0.739114 0.216114 -0.428555 0.440466 -0.018769 0.788656
1305032380.398355 -0.360450 -0.718843 0.216517 -0.411582 0.441324 -0.010212 0.797326
1305032380.430475 -0.361786 -0.709327 0.206537 -0.396507 0.437218 0.001896 0.807229
1305032380.462299 -0.359948 -0.693352 0.199288 -0.381989 0.431912 0.005791 0.817009
1305032380.498445 -0.363497 -0.674425 0.195672 -0.359644 0.430228 0.003922 0.827976
1305032380.530597 -0.362041 -0.678586 0.179428 -0.353478 0.427593 0.010029 0.831936
1305032380.562412 -0.363798 -0.657031 0.171329 -0.354931 0.429218 0.012811 0.830441
1305032380.598350 -0.367079 -0.641700 0.159450 -0.352034 0.432910 0.008451 0.829813
1305032380.630332 -0.370690 -0.623089 0.150981 -0.349452 0.438675 0.005173 0.827901
1305032380.662349 -0.370548 -0.604219 0.150139 -0.346016 0.440166 -0.005672 0.828550
1305032380.698289 -0.375907 -0.579793 0.139255 -0.329982 0.439626 -0.016654 0.835203
1305032380.730370 -0.373323 -0.560259 0.131522 -0.318558 0.438377 -0.026883 0.840014
1305032380.762372 -0.374454 -0.541530 0.121083 -0.298750 0.436199 -0.032027 0.848206
1305032380.798301 -0.377007 -0.523831 0.104109 -0.293046 0.435850 -0.028071 0.850512
1305032380.830371 -0.372430 -0.503746 0.096136 -0.291268 0.437947 -0.025218 0.850135
1305032380.862334 -0.373886 -0.486283 0.088321 -0.277680 0.439697 -0.025047 0.853776
1305032380.898284 -0.373394 -0.474015 0.070964 -0.266336 0.441030 -0.023632 0.856738
1305032380.930298 -0.375796 -0.459742 0.056822 -0.256661 0.447269 -0.022698 0.856482
1305032380.962305 -0.377706 -0.444092 0.041080 -0.241624 0.457295 -0.019087 0.855649
1305032380.998378 -0.383018 -0.434210 0.022835 -0.231942 0.466760 -0.017288 0.853252
1305032381.030403 -0.389600 -0.421403 0.006748 -0.222836 0.477380 -0.013742 0.849861
1305032381.062315 -0.398428 -0.404094 -0.004483 -0.213864 0.487759 -0.006214 0.846354
1305032381.098290 -0.407329 -0.391568 -0.017776 -0.206194 0.496172 0.003169 0.843379
1305032381.130313 -0.421314 -0.384064 -0.036747 -0.201096 0.504442 0.017105 0.839527
1305032381.162419 -0.428159 -0.373208 -0.048140 -0.194617 0.514161 0.033795 0.834638
1305032381.198441 -0.438529 -0.363490 -0.057319 -0.188367 0.522626 0.052818 0.829813
1305032381.230357 -0.450741 -0.347422 -0.055974 -0.184356 0.528463 0.067741 0.825924
1305032381.262413 -0.459599 -0.340494 -0.056965 -0.182642 0.533266 0.074106 0.822665
1305032381.298382 -0.471453 -0.332404 -0.057510 -0.175827 0.539701 0.079881 0.819407
1305032381.330288 -0.480203 -0.331157 -0.065672 -0.165949 0.543682 0.090005 0.817784
1305032381.362293 -0.495976 -0.316380 -0.076892 -0.157820 0.548675 0.097495 0.815195
1305032381.398352 -0.506826 -0.319242 -0.087919 -0.155665 0.555611 0.102139 0.810329
1305032381.430337 -0.518417 -0.317262 -0.100205 -0.153577 0.564628 0.107336 0.803796
1305032381.462322 -0.522569 -0.321127 -0.109762 -0.148993 0.576210 0.111529 0.795829
1305032381.498437 -0.532457 -0.323292 -0.120624 -0.142524 0.591591 0.113042 0.785448
1305032381.530570 -0.544892 -0.329057 -0.130983 -0.137548 0.604264 0.113729 0.776538
1305032381.562344 -0.548263 -0.337850 -0.135317 -0.129994 0.613957 0.109669 0.770799
1305032381.598331 -0.562654 -0.340573 -0.145136 -0.120280 0.624606 0.106390 0.764252
1305032381.630276 -0.574922 -0.344977 -0.150137 -0.111225 0.633685 0.108697 0.757798
1305032381.662406 -0.583672 -0.353590 -0.155454 -0.102752 0.642098 0.105162 0.752391
1305032381.698379 -0.591531 -0.355779 -0.156570 -0.090236 0.648882 0.100144 0.748853
1305032381.730349 -0.599694 -0.357228 -0.162244 -0.078502 0.649657 0.096249 0.750013
1305032381.762321 -0.603615 -0.356869 -0.168591 -0.070075 0.650209 0.093465 0.750721
1305032381.798267 -0.599474 -0.368422 -0.171650 -0.061532 0.649618 0.090632 0.752327
1305032381.830339 -0.602857 -0.370081 -0.178260 -0.044715 0.649173 0.087410 0.754278
1305032381.862314 -0.607608 -0.371328 -0.187171 -0.029663 0.648931 0.089069 0.755034
1305032381.898313 -0.602686 -0.380082 -0.199154 -0.017821 0.651193 0.087211 0.753674
1305032381.930344 -0.600951 -0.387427 -0.204239 -0.003165 0.655434 0.078833 0.751120
1305032381.962306 -0.606019 -0.389897 -0.216818 0.011981 0.656818 0.069966 0.750701
1305032381.998299 -0.607967 -0.389909 -0.224801 0.023146 0.661152 0.064579 0.747109
1305032382.030594 -0.610800 -0.389043 -0.233902 0.034826 0.665619 0.061076 0.742973
1305032382.062333 -0.614604 -0.393711 -0.243220 0.045868 0.669702 0.060394 0.738748
1305032382.098407 -0.615712 -0.401077 -0.250635 0.056358 0.672525 0.062429 0.735280
1305032382.130332 -0.617985 -0.400932 -0.267353 0.061641 0.674441 0.064460 0.732922
1305032382.162337 -0.622155 -0.395604 -0.271392 0.062994 0.676712 0.068315 0.730360
1305032382.198300 -0.618623 -0.395999 -0.287117 0.058951 0.675499 0.075848 0.731077
1305032382.230395 -0.614766 -0.396882 -0.291003 0.051638 0.675274 0.080306 0.731361
1305032382.262337 -0.607607 -0.392973 -0.297680 0.040029 0.672795 0.085287 0.733806
1305032382.298388 -0.595308 -0.406240 -0.306791 0.023391 0.667114 0.091700 0.738920
1305032382.330338 -0.579062 -0.405472 -0.314860 0.009026 0.658829 0.094393 0.746292
1305032382.362344 -0.568554 -0.409926 -0.321510 -0.010757 0.648980 0.097766 0.754421
1305032382.398302 -0.549002 -0.409160 -0.322285 -0.028418 0.637730 0.102377 0.762897
1305032382.430306 -0.528068 -0.415173 -0.326455 -0.047759 0.623966 0.110357 0.772144
1305032382.462307 -0.502335 -0.424674 -0.334472 -0.069900 0.608043 0.118817 0.781844
1305032382.498305 -0.476207 -0.431438 -0.340684 -0.089251 0.590872 0.123763 0.792204
1305032382.530313 -0.443779 -0.433953 -0.338918 -0.112598 0.571738 0.129556 0.802280
1305032382.562286 -0.405471 -0.452122 -0.334329 -0.130495 0.553870 0.127988 0.812292
1305032382.598353 -0.380356 -0.449363 -0.331880 -0.146068 0.537667 0.126152 0.820771
1305032382.630346 -0.342640 -0.461595 -0.331426 -0.167128 0.516911 0.131711 0.829170
1305032382.662292 -0.306692 -0.475616 -0.314528 -0.183076 0.497672 0.129998 0.837798
1305032382.698317 -0.265897 -0.492262 -0.308626 -0.190939 0.482437 0.125614 0.845587
1305032382.730327 -0.235415 -0.504947 -0.295997 -0.198201 0.469980 0.118164 0.851982
1305032382.762183 -0.207279 -0.518574 -0.284282 -0.215102 0.454244 0.107194 0.857848
1305032382.798300 -0.173873 -0.542783 -0.272248 -0.224888 0.440938 0.091846 0.864039
1305032382.830351 -0.149546 -0.566084 -0.258636 -0.231964 0.427447 0.080229 0.870083
1305032382.862516 -0.130588 -0.586903 -0.238359 -0.243021 0.411941 0.068407 0.875538
1305032382.898275 -0.105463 -0.613154 -0.214808 -0.251839 0.392712 0.058282 0.882586
1305032382.930284 -0.091042 -0.622804 -0.198068 -0.252176 0.373825 0.047878 0.891274
1305032382.962382 -0.073718 -0.645154 -0.179241 -0.255441 0.355025 0.042767 0.898264
1305032382.998323 -0.057098 -0.658719 -0.163467 -0.260972 0.335288 0.040273 0.904353
1305032383.030405 -0.043219 -0.679045 -0.150427 -0.267757 0.316665 0.039390 0.909108
1305032383.062301 -0.025905 -0.693843 -0.135731 -0.272815 0.299767 0.037978 0.913384
1305032383.098297 -0.016937 -0.714701 -0.112403 -0.277234 0.286806 0.032993 0.916403
1305032383.130529 -0.004982 -0.722727 -0.100490 -0.273856 0.271115 0.027732 0.922350
1305032383.162552 0.004891 -0.725110 -0.096915 -0.278203 0.254111 0.027728 0.925884
1305032383.198294 0.020825 -0.727842 -0.093327 -0.291091 0.235220 0.024264 0.927011
1305032383.231449 0.028495 -0.737604 -0.084257 -0.305834 0.222794 0.012668 0.925564
1305032383.262330 0.034399 -0.746802 -0.070874 -0.316671 0.212831 0.000091 0.924350
1305032383.298309 0.043377 -0.753465 -0.057154 -0.320203 0.199412 -0.010181 0.926068
1305032383.330305 0.049435 -0.752766 -0.046638 -0.319373 0.183271 -0.017541 0.929573
1305032383.362334 0.055769 -0.762114 -0.040036 -0.318723 0.166357 -0.022229 0.932870
1305032383.398286 0.062826 -0.771774 -0.036451 -0.319674 0.149695 -0.027848 0.935213
1305032383.430324 0.066746 -0.779227 -0.029395 -0.319570 0.136075 -0.035160 0.937082
1305032383.462332 0.078645 -0.782830 -0.031807 -0.320291 0.120354 -0.041359 0.938732
1305032383.498344 0.077968 -0.793574 -0.028059 -0.321883 0.111134 -0.048747 0.938970
1305032383.530359 0.082968 -0.798435 -0.031001 -0.325433 0.104297 -0.053333 0.938281
1305032383.562471 0.081330 -0.812674 -0.018933 -0.327433 0.095716 -0.061678 0.937988
1305032383.598345 0.082650 -0.813972 -0.020935 -0.318309 0.086071 -0.060514 0.942130
1305032383.630389 0.081013 -0.824034 -0.029043 -0.317406 0.074997 -0.054425 0.943751
1305032383.662347 0.078717 -0.827034 -0.029004 -0.317375 0.060980 -0.053243 0.944839
1305032383.698408 0.078084 -0.830817 -0.031362 -0.317680 0.045000 -0.056340 0.945452
1305032383.730311 0.075740 -0.832859 -0.034115 -0.322451 0.030386 -0.058906 0.944263
1305032383.762295 0.072438 -0.835776 -0.028546 -0.330514 0.017476 -0.061161 0.941655
1305032383.798245 0.072024 -0.839443 -0.026077 -0.334704 0.005971 -0.062829 0.940207
1305032383.830511 0.069539 -0.840406 -0.022854 -0.336222 -0.005740 -0.065526 0.939483
1305032383.862397 0.069919 -0.839758 -0.022958 -0.336834 -0.016317 -0.066528 0.939069
1305032383.898295 0.071432 -0.840212 -0.023118 -0.338330 -0.023601 -0.066093 0.938407
1305032383.930382 0.071758 -0.837978 -0.021767 -0.338156 -0.026942 -0.064385 0.938498
1305032383.962464 0.074099 -0.833264 -0.025218 -0.338096 -0.028938 -0.059612 0.938776
1305032383.998360 0.074700 -0.831394 -0.025004 -0.340392 -0.029802 -0.053276 0.938300
1305032384.030384 0.077354 -0.826419 -0.024295 -0.340428 -0.029859 -0.045560 0.938691
1305032384.062390 0.080613 -0.821047 -0.024087 -0.340054 -0.030847 -0.038711 0.939102
1305032384.098318 0.086633 -0.816110 -0.023163 -0.340529 -0.033119 -0.033495 0.939053
1305032384.130400 0.089795 -0.813752 -0.023311 -0.339168 -0.034874 -0.027782 0.939669
1305032384.162395 0.093273 -0.809843 -0.025535 -0.336460 -0.035285 -0.020951 0.940803
1305032384.198333 0.095829 -0.808225 -0.021709 -0.333834 -0.035121 -0.017356 0.941818
1305032384.230364 0.098909 -0.808954 -0.024067 -0.329338 -0.036473 -0.015935 0.943373
1305032384.262262 0.103742 -0.804316 -0.023080 -0.324479 -0.037854 -0.012872 0.945048
1305032384.298317 0.103158 -0.804862 -0.020340 -0.317179 -0.038141 -0.010045 0.947545
1305032384.330331 0.103346 -0.803153 -0.020747 -0.307260 -0.040250 -0.006058 0.950755
1305032384.362345 0.107323 -0.793503 -0.029405 -0.298600 -0.042109 -0.001887 0.953447
1305032384.398303 0.111740 -0.785672 -0.036877 -0.294709 -0.041751 0.000176 0.954674
1305032384.431342 0.118314 -0.777470 -0.040108 -0.292698 -0.043309 -0.001303 0.955223
1305032384.462609 0.118061 -0.770322 -0.041070 -0.291722 -0.045655 -0.006211 0.955393
1305032384.498266 0.123202 -0.758969 -0.046435 -0.290337 -0.048700 -0.009394 0.955638
1305032384.530361 0.127956 -0.747057 -0.048062 -0.289836 -0.050444 -0.009967 0.955694
1305032384.566265 0.129985 -0.732636 -0.054031 -0.288246 -0.053012 -0.010354 0.956032
1305032384.598309 0.130221 -0.718840 -0.059433 -0.289567 -0.054335 -0.010920 0.955552
1305032384.630376 0.136694 -0.706043 -0.059783 -0.288980 -0.054609 -0.008422 0.955739
1305032384.666270 0.138656 -0.693591 -0.063584 -0.285686 -0.053268 -0.002158 0.956839
1305032384.698533 0.142831 -0.676870 -0.068248 -0.281966 -0.054511 0.007877 0.957842
1305032384.730303 0.149140 -0.664827 -0.073210 -0.277134 -0.055410 0.017067 0.959080
1305032384.766314 0.155805 -0.650292 -0.075659 -0.268014 -0.053086 0.025641 0.961610
1305032384.798284 0.161429 -0.638860 -0.080575 -0.257589 -0.053346 0.034136 0.964177
1305032384.830384 0.169871 -0.623607 -0.084253 -0.241176 -0.055913 0.038677 0.968097
1305032384.866305 0.175666 -0.609573 -0.094749 -0.222977 -0.056912 0.041862 0.972260
1305032384.898278 0.182563 -0.593645 -0.106063 -0.204914 -0.058406 0.046381 0.975934
1305032384.930358 0.189241 -0.573181 -0.117296 -0.187823 -0.057515 0.050362 0.979223
1305032384.966321 0.196149 -0.556962 -0.125642 -0.172973 -0.056093 0.054486 0.981817
1305032384.998291 0.204623 -0.539649 -0.135977 -0.159227 -0.053759 0.057734 0.984085
1305032385.030348 0.212690 -0.526765 -0.148255 -0.147344 -0.049717 0.061065 0.985946
1305032385.066236 0.217496 -0.508061 -0.160906 -0.133606 -0.047434 0.065913 0.987702
1305032385.098221 0.226532 -0.489502 -0.175667 -0.124409 -0.044534 0.071317 0.988662
1305032385.130368 0.235966 -0.474551 -0.184046 -0.117069 -0.039995 0.075217 0.989463
1305032385.166295 0.247713 -0.456467 -0.200661 -0.106535 -0.036073 0.079363 0.990480
1305032385.198298 0.255436 -0.437967 -0.212861 -0.100126 -0.030401 0.083588 0.990991
1305032385.230529 0.258209 -0.427039 -0.218578 -0.093188 -0.026329 0.086195 0.991561
1305032385.266354 0.270335 -0.409232 -0.229531 -0.081548 -0.023573 0.084586 0.992794
1305032385.298337 0.274796 -0.387108 -0.240532 -0.072620 -0.017817 0.080934 0.993911
1305032385.330400 0.283839 -0.376118 -0.244041 -0.067668 -0.015195 0.074676 0.994793
1305032385.366405 0.289764 -0.357850 -0.252470 -0.060405 -0.012971 0.069514 0.995666
1305032385.398286 0.300027 -0.344126 -0.257953 -0.049853 -0.014744 0.062036 0.996719
1305032385.430290 0.303388 -0.324540 -0.264811 -0.038915 -0.014958 0.054328 0.997652
1305032385.466253 0.302611 -0.308393 -0.271634 -0.031415 -0.016001 0.047821 0.998234
1305032385.498209 0.307455 -0.302130 -0.264229 -0.021018 -0.020591 0.041139 0.998720
1305032385.530304 0.307426 -0.278996 -0.271260 -0.002983 -0.024178 0.037444 0.999002
1305032385.566282 0.313663 -0.252769 -0.268192 0.008637 -0.030947 0.034064 0.998903
1305032385.598292 0.312638 -0.227975 -0.268164 0.012977 -0.035394 0.032095 0.998774
1305032385.630323 0.312078 -0.210287 -0.267225 0.012553 -0.038580 0.032984 0.998632
1305032385.666392 0.311389 -0.197153 -0.259687 0.015503 -0.046002 0.037894 0.998102
1305032385.698221 0.311751 -0.176156 -0.257381 0.019381 -0.052669 0.044105 0.997449
1305032385.730305 0.310717 -0.160282 -0.253528 0.018186 -0.058819 0.051797 0.996758
1305032385.766216 0.307609 -0.153100 -0.251653 0.019091 -0.064508 0.059966 0.995931
1305032385.830307 0.303273 -0.137637 -0.251188 0.017453 -0.063334 0.085899 0.994136
1305032385.866318 0.318735 -0.122383 -0.252004 0.025586 -0.063592 0.099074 0.992716
1305032385.930288 0.318608 -0.091574 -0.246988 0.037936 -0.062989 0.126694 0.989213
1305032385.966310 0.329920 -0.081825 -0.249942 0.042397 -0.063298 0.133113 0.988168
1305032385.998400 0.336899 -0.073627 -0.246593 0.047579 -0.062365 0.137356 0.987411
1305032386.030330 0.339039 -0.058961 -0.245138 0.054379 -0.060268 0.145831 0.985974
1305032386.066256 0.340540 -0.037227 -0.244302 0.057503 -0.057935 0.155839 0.984404
1305032386.130381 0.331415 -0.029221 -0.229946 0.061322 -0.063406 0.170722 0.981363
1305032386.166258 0.332636 -0.019192 -0.218412 0.060352 -0.071545 0.173946 0.980297
1305032386.230319 0.337034 -0.004899 -0.196276 0.051836 -0.093986 0.183512 0.977140
1305032386.266337 0.337022 0.001618 -0.190461 0.047162 -0.107925 0.184820 0.975689
1305032386.330294 0.340804 0.007739 -0.175929 0.032590 -0.133069 0.185136 0.973116
1305032386.366261 0.348866 0.007686 -0.173351 0.022548 -0.146938 0.180653 0.972247
1305032386.430384 0.351621 0.010386 -0.162895 0.002276 -0.170329 0.167812 0.970990
1305032386.466238 0.364051 0.001484 -0.159222 -0.005592 -0.182041 0.156411 0.970755
1305032386.498351 0.367829 -0.005426 -0.156709 -0.013765 -0.193038 0.147247 0.969982
1305032386.530449 0.371344 -0.014016 -0.143513 -0.015814 -0.206323 0.139296 0.968389
1305032386.566270 0.376102 -0.023838 -0.134457 -0.018293 -0.218038 0.126953 0.967475
1305032386.598281 0.382720 -0.035012 -0.129510 -0.023104 -0.228228 0.118292 0.966119
1305032386.630302 0.388062 -0.048832 -0.117009 -0.024515 -0.238420 0.110726 0.964518
1305032386.666363 0.396868 -0.068942 -0.107441 -0.024931 -0.244266 0.103160 0.963883
1305032386.698268 0.406693 -0.074179 -0.109785 -0.027301 -0.248896 0.097300 0.963244
1305032386.730306 0.414481 -0.082662 -0.107533 -0.031487 -0.254657 0.090394 0.962282
1305032386.766239 0.425242 -0.091977 -0.105589 -0.039428 -0.259635 0.080695 0.961521
1305032386.798231 0.428151 -0.096813 -0.099388 -0.047299 -0.263187 0.072283 0.960870
1305032386.830304 0.439647 -0.108120 -0.097996 -0.059249 -0.267613 0.063008 0.959637
1305032386.866257 0.448944 -0.112556 -0.091221 -0.072724 -0.270468 0.050974 0.958624
1305032386.930353 0.465375 -0.141546 -0.073404 -0.112118 -0.276978 0.033456 0.953726
1305032386.966319 0.474293 -0.138550 -0.079977 -0.128380 -0.278124 0.022735 0.951656
1305032387.030343 0.486729 -0.169736 -0.065773 -0.170101 -0.279909 0.010228 0.944782
1305032387.066271 0.495975 -0.190217 -0.059219 -0.181503 -0.282193 0.007110 0.942005
1305032387.130350 0.511487 -0.218450 -0.050411 -0.192886 -0.286468 -0.012639 0.938388
1305032387.166222 0.519227 -0.238244 -0.045643 -0.204183 -0.286901 -0.028821 0.935503
1305032387.198268 0.531637 -0.254085 -0.036879 -0.210649 -0.285739 -0.037611 0.934112
1305032387.230283 0.540300 -0.273725 -0.032579 -0.214020 -0.281544 -0.045115 0.934288
1305032387.298368 0.578463 -0.314069 0.003999 -0.221833 -0.283817 -0.065912 0.930534
1305032387.330577 0.577293 -0.323354 -0.009716 -0.225510 -0.277889 -0.078110 0.930495
1305032387.366220 0.578742 -0.333820 -0.016409 -0.234301 -0.272994 -0.086185 0.929058
1305032387.398271 0.587925 -0.351330 -0.005672 -0.241537 -0.273584 -0.093992 0.926270
1305032387.430273 0.595071 -0.367793 0.000269 -0.246066 -0.274601 -0.099522 0.924198
1305032387.466265 0.597313 -0.380183 0.006092 -0.253620 -0.274968 -0.107054 0.921200
1305032387.498285 0.602953 -0.396369 0.014031 -0.259209 -0.274789 -0.115216 0.918709
1305032387.530295 0.606211 -0.410039 0.021286 -0.260326 -0.276999 -0.121580 0.916908
1305032387.598263 0.605736 -0.433790 0.036083 -0.263574 -0.289867 -0.137606 0.909709
1305032387.630372 0.610291 -0.447404 0.043525 -0.265445 -0.297871 -0.147855 0.904959
1305032387.666258 0.616951 -0.462895 0.049005 -0.266342 -0.307555 -0.158254 0.899682
1305032387.730288 0.618633 -0.485524 0.062709 -0.271791 -0.323816 -0.172059 0.889758
1305032387.766251 0.621578 -0.496290 0.071699 -0.278503 -0.329933 -0.178657 0.884117
1305032387.830291 0.629016 -0.516835 0.083763 -0.298944 -0.338969 -0.194397 0.870599
1305032387.866424 0.625697 -0.521012 0.097865 -0.308695 -0.341574 -0.196189 0.865762
1305032387.898274 0.626720 -0.528144 0.106691 -0.321743 -0.341383 -0.190700 0.862307
1305032387.930296 0.629725 -0.537863 0.116453 -0.336133 -0.342200 -0.187895 0.857094
1305032387.998271 0.635706 -0.553873 0.137404 -0.349439 -0.346398 -0.193437 0.848813
1305032388.030284 0.635979 -0.560948 0.149591 -0.349750 -0.348275 -0.200097 0.846369
1305032388.066278 0.644409 -0.570592 0.158924 -0.350127 -0.351005 -0.207681 0.843253
1305032388.098203 0.644133 -0.578178 0.168950 -0.347433 -0.352728 -0.212760 0.842381
1305032388.130279 0.645209 -0.587160 0.176883 -0.344250 -0.355932 -0.213655 0.842114
1305032388.166206 0.644778 -0.596992 0.187536 -0.340547 -0.361022 -0.213985 0.841369
1305032388.198299 0.649686 -0.610332 0.197869 -0.336996 -0.365623 -0.213268 0.840993
1305032388.230288 0.655144 -0.620913 0.202295 -0.335072 -0.368105 -0.211934 0.841017
1305032388.266264 0.658168 -0.630735 0.208828 -0.335250 -0.370605 -0.209049 0.840570
1305032388.298267 0.661075 -0.642178 0.216466 -0.337279 -0.372861 -0.205005 0.839756
1305032388.330289 0.660126 -0.649715 0.227261 -0.336264 -0.375332 -0.199936 0.840285
1305032388.366200 0.662789 -0.659738 0.238564 -0.334428 -0.378986 -0.194210 0.840720
1305032388.398324 0.665236 -0.669894 0.244127 -0.333554 -0.380608 -0.188590 0.841613
1305032388.430353 0.665418 -0.679207 0.256826 -0.333062 -0.382236 -0.182849 0.842337
1305032388.466360 0.666906 -0.687649 0.263210 -0.331241 -0.383689 -0.179533 0.843108
1305032388.498314 0.666275 -0.696396 0.273845 -0.327938 -0.386969 -0.179255 0.842959
1305032388.530317 0.662649 -0.706111 0.280179 -0.323660 -0.390878 -0.179631 0.842729
1305032388.566433 0.656949 -0.713115 0.282657 -0.320052 -0.396209 -0.181506 0.841214
1305032388.598102 0.656081 -0.722851 0.291853 -0.317438 -0.402467 -0.184560 0.838565
1305032388.630638 0.652645 -0.730607 0.301640 -0.312243 -0.408457 -0.190109 0.836377
1305032388.666463 0.650564 -0.740925 0.303553 -0.310214 -0.411976 -0.197236 0.833751
1305032388.698276 0.643686 -0.751459 0.302630 -0.311965 -0.414075 -0.208377 0.829336
1305032388.730300 0.637608 -0.757184 0.309814 -0.313586 -0.417006 -0.218849 0.824545
1305032388.766466 0.627828 -0.762093 0.314651 -0.315672 -0.419174 -0.228650 0.819978
1305032388.798291 0.618919 -0.769408 0.320713 -0.317851 -0.422232 -0.235465 0.815627
1305032388.830274 0.609526 -0.775659 0.331508 -0.320986 -0.425772 -0.238695 0.811610
1305032388.866265 0.597800 -0.770796 0.339045 -0.319992 -0.429728 -0.239590 0.809651
1305032388.898315 0.592313 -0.775793 0.344281 -0.318543 -0.434341 -0.241367 0.807230
1305032388.966222 0.577641 -0.781322 0.359509 -0.314798 -0.444397 -0.244797 0.802177
1305032388.998435 0.571679 -0.784158 0.367451 -0.313469 -0.448951 -0.243406 0.800584
1305032389.030354 0.566871 -0.786472 0.371619 -0.312672 -0.454043 -0.243583 0.797965
1305032389.066283 0.564802 -0.785609 0.380006 -0.309250 -0.461582 -0.246733 0.793996
1305032389.098475 0.558733 -0.786027 0.389340 -0.304665 -0.467990 -0.251969 0.790365
1305032389.130339 0.558661 -0.783794 0.394066 -0.300845 -0.473015 -0.256200 0.787471
1305032389.166249 0.558765 -0.788963 0.401162 -0.300217 -0.477390 -0.260304 0.783715
1305032389.198192 0.550327 -0.786082 0.414056 -0.294612 -0.483125 -0.264890 0.780786
1305032389.230352 0.548709 -0.781009 0.416649 -0.287854 -0.487636 -0.268889 0.779134
1305032389.266261 0.552071 -0.779957 0.418246 -0.283287 -0.493725 -0.272700 0.775641
1305032389.298468 0.552380 -0.778815 0.425335 -0.279521 -0.501506 -0.276101 0.770797
1305032389.330364 0.555657 -0.775737 0.430049 -0.275248 -0.507841 -0.278337 0.767375
1305032389.366289 0.565512 -0.773172 0.434308 -0.273445 -0.512303 -0.279906 0.764478
1305032389.398221 0.571875 -0.772541 0.441013 -0.274603 -0.515734 -0.281623 0.761118
1305032389.430273 0.573342 -0.769226 0.450861 -0.273769 -0.520556 -0.282386 0.757845
1305032389.466345 0.578190 -0.765037 0.458494 -0.270563 -0.525654 -0.281243 0.755901
1305032389.498274 0.587438 -0.761546 0.460827 -0.270405 -0.529319 -0.280982 0.753493
1305032389.530390 0.596811 -0.758311 0.468965 -0.269968 -0.532642 -0.282482 0.750742
1305032389.566312 0.603520 -0.754972 0.475881 -0.268820 -0.534475 -0.283178 0.749588
1305032389.598318 0.612633 -0.749453 0.477799 -0.267279 -0.537157 -0.283128 0.748240
1305032389.630446 0.619914 -0.750536 0.482080 -0.269395 -0.540254 -0.282694 0.745410
1305032389.666311 0.625317 -0.745951 0.490179 -0.267983 -0.542775 -0.280801 0.744803
1305032389.698354 0.628957 -0.737392 0.494392 -0.264075 -0.544289 -0.275305 0.747142
1305032389.730325 0.639557 -0.733204 0.498366 -0.260887 -0.547054 -0.270975 0.747825
1305032389.766305 0.648524 -0.730291 0.501229 -0.258151 -0.548961 -0.267141 0.748756
1305032389.798350 0.651342 -0.721785 0.506066 -0.253462 -0.550450 -0.260673 0.751539
1305032389.830333 0.659270 -0.715286 0.509283 -0.248981 -0.552300 -0.251906 0.754663
1305032389.866297 0.668297 -0.709933 0.512259 -0.245636 -0.553685 -0.244660 0.757125
1305032389.898298 0.670904 -0.702348 0.512553 -0.237673 -0.556006 -0.239205 0.759704
1305032389.930390 0.672741 -0.693390 0.512876 -0.224735 -0.562815 -0.234470 0.760103
1305032389.966584 0.678580 -0.681139 0.512438 -0.210961 -0.571284 -0.227773 0.759769
1305032389.998160 0.681883 -0.672112 0.509614 -0.198884 -0.579327 -0.221299 0.758849
1305032390.030360 0.684960 -0.661403 0.508376 -0.184549 -0.589122 -0.215533 0.756586
1305032390.066362 0.689609 -0.656501 0.509662 -0.176145 -0.595193 -0.210683 0.755202
1305032390.098296 0.704912 -0.645693 0.505512 -0.169625 -0.596679 -0.206010 0.756810
1305032390.130365 0.697965 -0.634504 0.504053 -0.163919 -0.597750 -0.200291 0.758755
1305032390.166283 0.698542 -0.625244 0.505258 -0.158180 -0.599193 -0.191571 0.761083
1305032390.198282 0.706514 -0.614557 0.502390 -0.152943 -0.600040 -0.185867 0.762898
1305032390.230411 0.703434 -0.604509 0.503053 -0.145169 -0.599938 -0.180263 0.765836
1305032390.266217 0.704345 -0.593681 0.503156 -0.137957 -0.599247 -0.168905 0.770287
1305032390.298276 0.708749 -0.582367 0.503355 -0.132389 -0.599127 -0.159431 0.773371
1305032390.330278 0.709166 -0.574306 0.500040 -0.128024 -0.596982 -0.148496 0.777928
1305032390.366126 0.715170 -0.563774 0.500613 -0.125696 -0.597197 -0.137646 0.780134
1305032390.398300 0.716258 -0.550978 0.500447 -0.121421 -0.598822 -0.126939 0.781381
1305032390.430297 0.714544 -0.550682 0.499968 -0.117808 -0.600546 -0.118606 0.781919
1305032390.466247 0.719996 -0.537923 0.504574 -0.112090 -0.602595 -0.110923 0.782311
1305032390.498379 0.719388 -0.528331 0.500701 -0.109708 -0.603191 -0.103202 0.783246
1305032390.566260 0.724570 -0.511758 0.506477 -0.098823 -0.606245 -0.086322 0.784379
1305032390.598269 0.727543 -0.501416 0.507357 -0.094656 -0.607031 -0.076768 0.785277
1305032390.630354 0.728245 -0.488894 0.513417 -0.089327 -0.607442 -0.067085 0.786470
1305032390.666360 0.730444 -0.474580 0.504029 -0.081607 -0.604198 -0.057591 0.790550
1305032390.698339 0.735811 -0.479821 0.507661 -0.079460 -0.604476 -0.052459 0.790912
1305032390.730324 0.740898 -0.468765 0.511648 -0.076400 -0.605509 -0.046194 0.790814
1305032390.766286 0.746902 -0.458235 0.509806 -0.075185 -0.604782 -0.040533 0.791798
1305032390.798308 0.753447 -0.451321 0.512255 -0.077033 -0.604989 -0.036820 0.791643
1305032390.830359 0.752562 -0.435627 0.516981 -0.076919 -0.605286 -0.033391 0.791579
1305032390.866336 0.756071 -0.423190 0.525514 -0.075220 -0.607048 -0.028022 0.790600
1305032390.898311 0.759733 -0.415282 0.532890 -0.075099 -0.608607 -0.023631 0.789556
1305032390.930353 0.763304 -0.387942 0.542261 -0.069908 -0.610411 -0.018463 0.788778
1305032390.966292 0.759452 -0.385375 0.551007 -0.065071 -0.612576 -0.013778 0.787608
1305032390.998365 0.760653 -0.373123 0.569461 -0.055670 -0.617774 -0.006278 0.784358
1305032391.030566 0.770578 -0.353264 0.569131 -0.050199 -0.620444 -0.002210 0.782640
1305032391.066281 0.773056 -0.342233 0.562274 -0.050700 -0.619129 -0.000056 0.783651
1305032391.098310 0.771869 -0.332271 0.576427 -0.052381 -0.621940 0.004484 0.781298
1305032391.130361 0.764404 -0.314457 0.588338 -0.047250 -0.626180 0.010273 0.778178
1305032391.166263 0.769058 -0.306066 0.591050 -0.043697 -0.628509 0.014285 0.776442
1305032391.198275 0.771152 -0.291403 0.593706 -0.042886 -0.628991 0.018674 0.776004
1305032391.230301 0.770186 -0.274652 0.594998 -0.043247 -0.629781 0.026259 0.775123
1305032391.266335 0.766885 -0.257275 0.599248 -0.041546 -0.631244 0.032767 0.773777
1305032391.298278 0.770757 -0.250542 0.606826 -0.043395 -0.633689 0.037329 0.771468
1305032391.330276 0.767409 -0.233168 0.608786 -0.044545 -0.635514 0.043843 0.769555
1305032391.366253 0.768409 -0.220210 0.608753 -0.046293 -0.636655 0.050300 0.768113
1305032391.398298 0.772488 -0.221646 0.622989 -0.050774 -0.639837 0.053831 0.764940
1305032391.430307 0.771528 -0.205091 0.631928 -0.053534 -0.643815 0.058636 0.761051
1305032391.466196 0.780441 -0.222078 0.645944 -0.061554 -0.647791 0.060572 0.756907
1305032391.498122 0.780191 -0.203067 0.641008 -0.065294 -0.647820 0.064806 0.756218
1305032391.530302 0.761754 -0.163696 0.610806 -0.063398 -0.643219 0.072732 0.759579
1305032391.566367 0.758653 -0.164730 0.609575 -0.067906 -0.643570 0.080681 0.758088
1305032391.598147 0.769483 -0.166500 0.637612 -0.074023 -0.648273 0.085932 0.752913
1305032391.630273 0.765580 -0.154811 0.633197 -0.077055 -0.648648 0.090492 0.751751
1305032391.666362 0.762843 -0.138948 0.647719 -0.079621 -0.652846 0.095371 0.747233
1305032391.698346 0.757506 -0.135823 0.641134 -0.085021 -0.655135 0.098524 0.744220
1305032391.730278 0.757283 -0.133469 0.633620 -0.090179 -0.657032 0.096247 0.742235
1305032391.766303 0.753167 -0.115469 0.632996 -0.090861 -0.658167 0.094555 0.741364
1305032391.798157 0.754326 -0.119417 0.622839 -0.097045 -0.656324 0.095544 0.742087
1305032391.830252 0.755609 -0.115596 0.617883 -0.103852 -0.652257 0.094416 0.744890
1305032391.866276 0.750290 -0.092768 0.613497 -0.103803 -0.647525 0.095691 0.748852
1305032391.898229 0.744926 -0.080287 0.605988 -0.102183 -0.643672 0.098553 0.752019
1305032391.930429 0.753113 -0.104695 0.621916 -0.109177 -0.643618 0.097114 0.751269
1305032391.966414 0.744711 -0.099180 0.632630 -0.109010 -0.644962 0.093038 0.750656
